# Data for ascii data initial temperature
# Only next line is parsed in format: [nx] because of keyword "POINTS:"
# POINTS: 4201
# Columns: depth (m), temperature (K)
depth temperature
0.0	440.0
77.1	441.1351504
177.1	442.6062655
277.1	444.0760318
377.1	445.5444492
477.1	447.0115177
577.1	448.4772372
677.1	449.9416075
777.1	451.4046286
877.1	452.8663003
977.1	454.3266225
1077.1	455.7855952
1177.1	457.2432182
1277.1	458.6994914
1377.1	460.1544147
1477.1	461.607988
1577.1	463.0602112
1677.1	464.5110841
1777.1	465.9606068
1877.1	467.4087791
1977.1	468.8556008
2077.1	470.3010719
2177.1	471.7451922
2277.1	473.1879617
2377.1	474.6293803
2477.1	476.0694477
2577.1	477.5081641
2677.1	478.9455291
2777.1	480.3815428
2877.1	481.816205
2977.1	483.2495156
3077.1	484.6814745
3177.1	486.1120817
3277.1	487.5413369
3377.1	488.9692401
3477.1	490.3957912
3577.1	491.82099
3677.1	493.2448365
3777.1	494.6673306
3877.1	496.0884722
3977.1	497.5082611
4077.1	498.9266972
4177.1	500.3437805
4277.1	501.7595108
4377.1	503.173888
4477.1	504.5869121
4577.1	505.9985829
4677.1	507.4089002
4777.1	508.8178641
4877.1	510.2254744
4977.1	511.6317309
5077.1	513.0366337
5177.1	514.4401825
5277.1	515.8423772
5377.1	517.2432179
5477.1	518.6427043
5577.1	520.0408363
5677.1	521.4376139
5777.1	522.8330369
5877.1	524.2271053
5977.1	525.6198188
6077.1	527.0111775
6177.1	528.4011812
6277.1	529.7898298
6377.1	531.1771232
6477.1	532.5630612
6577.1	533.9476439
6677.1	535.330871
6777.1	536.7127425
6877.1	538.0932583
6977.1	539.4724182
7077.1	540.8502222
7177.1	542.2266701
7277.1	543.6017618
7377.1	544.9754973
7477.1	546.3478764
7577.1	547.718899
7677.1	549.088565
7777.1	550.4568743
7877.1	551.8238268
7977.1	553.1894224
8077.1	554.5536609
8177.1	555.9165424
8277.1	557.2780666
8377.1	558.6382334
8477.1	559.9970429
8577.1	561.3544947
8677.1	562.7105889
8777.1	564.0653253
8877.1	565.4187039
8977.1	566.7707244
9077.1	568.1213869
9177.1	569.4706912
9277.1	570.8186371
9377.1	572.1652247
9477.1	573.5104537
9577.1	574.8543241
9677.1	576.1968358
9777.1	577.5379886
9877.1	578.8777825
9977.1	580.2162173
10077.1	581.553293
10177.1	582.8890093
10277.1	584.2233664
10377.1	585.5563639
10477.1	586.8880018
10577.1	588.21828
10677.1	589.5471984
10777.1	590.8747569
10877.1	592.2009554
10977.1	593.5257938
11077.1	594.8492719
11177.1	596.1713896
11277.1	597.4921469
11377.1	598.8115437
11477.1	600.1295798
11577.1	601.4462551
11677.1	602.7615695
11777.1	604.0755229
11877.1	605.3881152
11977.1	606.6993464
12077.1	608.0092162
12177.1	609.3177245
12277.1	610.6248714
12377.1	611.9306566
12477.1	613.2350801
12577.1	614.5381417
12677.1	615.8398414
12777.1	617.140179
12877.1	618.4391544
12977.1	619.7367675
13077.1	621.0330182
13177.1	622.3279065
13277.1	623.6214321
13377.1	624.913595
13477.1	626.2043951
13577.1	627.4938323
13677.1	628.7819064
13777.1	630.0686174
13877.1	631.3539651
13977.1	632.6379494
14077.1	633.9205703
14177.1	635.2018276
14277.1	636.4817212
14377.1	637.760251
14477.1	639.037417
14577.1	640.3132189
14677.1	641.5876566
14777.1	642.8607302
14877.1	644.1324394
14977.1	645.4027842
15077.1	646.6717644
15177.1	647.93938
15277.1	649.2056307
15377.1	650.4705167
15477.1	651.7340376
15577.1	652.9961934
15677.1	654.256984
15777.1	655.5164094
15877.1	656.7744692
15977.1	658.0311636
16077.1	659.2864924
16177.1	660.5404553
16277.1	661.7930525
16377.1	663.0442837
16477.1	664.2941488
16577.1	665.5426477
16677.1	666.7897803
16777.1	668.0355466
16877.1	669.2799463
16977.1	670.5229794
17077.1	671.7646458
17177.1	673.0049454
17277.1	674.2438781
17377.1	675.4814437
17477.1	676.7176421
17577.1	677.9524733
17677.1	679.1859371
17777.1	680.4180334
17877.1	681.6487621
17977.1	682.8781231
18077.1	684.1061164
18177.1	685.3327417
18277.1	686.557999
18377.1	687.7818881
18477.1	689.004409
18577.1	690.2255616
18677.1	691.4453456
18777.1	692.6637612
18877.1	693.880808
18977.1	695.0964861
19077.1	696.3107952
19177.1	697.5237354
19277.1	698.7353064
19377.1	699.9455082
19477.1	701.1543407
19577.1	702.3618038
19677.1	703.5678973
19777.1	704.7726211
19877.1	705.9759752
19977.1	707.1779594
20077.1	708.3785736
20177.1	709.5778177
20277.1	710.7756916
20377.1	711.9721952
20477.1	713.1673283
20577.1	714.361091
20677.1	715.553483
20777.1	716.7445042
20877.1	717.9341546
20977.1	719.122434
21077.1	720.3093423
21177.1	721.4948795
21277.1	722.6790453
21377.1	723.8618398
21477.1	725.0432627
21577.1	726.223314
21677.1	727.4019936
21777.1	728.5793013
21877.1	729.7552371
21977.1	730.9298008
22077.1	732.1029923
22177.1	733.2748116
22277.1	734.4452584
22377.1	735.6143328
22477.1	736.7820346
22577.1	737.9483636
22677.1	739.1133198
22777.1	740.276903
22877.1	741.4391133
22977.1	742.5999503
23077.1	743.7594141
23177.1	744.9175045
23277.1	746.0742214
23377.1	747.2295648
23477.1	748.3835344
23577.1	749.5361302
23677.1	750.687352
23777.1	751.8371999
23877.1	752.9856736
23977.1	754.132773
24077.1	755.2784981
24177.1	756.4228487
24277.1	757.5658247
24377.1	758.707426
24477.1	759.8476525
24577.1	760.9865041
24677.1	762.1239807
24777.1	763.2600821
24877.1	764.3948083
24977.1	765.5281591
25077.1	766.6601345
25177.1	767.7907343
25277.1	768.9199584
25377.1	770.0478067
25477.1	771.1742791
25577.1	772.2993755
25677.1	773.4230958
25777.1	774.5454398
25877.1	775.6664075
25977.1	776.7859987
26077.1	777.9042134
26177.1	779.0210514
26277.1	780.1365126
26377.1	781.2505969
26477.1	782.3633042
26577.1	783.4746344
26677.1	784.5845873
26777.1	785.6931629
26877.1	786.8003611
26977.1	787.9061817
27077.1	789.0106247
27177.1	790.1136898
27277.1	791.2153771
27377.1	792.3156864
27477.1	793.4146175
27577.1	794.5121705
27677.1	795.6083451
27777.1	796.7031412
27877.1	797.7965588
27977.1	798.8885978
28077.1	799.9792579
28177.1	801.0685392
28277.1	802.1564415
28377.1	803.2429647
28477.1	804.3281087
28577.1	805.4118733
28677.1	806.4942585
28777.1	807.5752642
28877.1	808.6548902
28977.1	809.7331364
29077.1	810.8100028
29177.1	811.8854891
29277.1	812.9595954
29377.1	814.0323214
29477.1	815.1036671
29577.1	816.1736324
29677.1	817.2422172
29777.1	818.3094212
29877.1	819.3752446
29977.1	820.439687
30077.1	821.5027484
30177.1	822.5644288
30277.1	823.6247279
30377.1	824.6836457
30477.1	825.7411821
30577.1	826.797337
30677.1	827.8521101
30777.1	828.9055016
30877.1	829.9575111
30977.1	831.0081387
31077.1	832.0573841
31177.1	833.1052473
31277.1	834.1517283
31377.1	835.1968267
31477.1	836.2405427
31577.1	837.282876
31677.1	838.3238265
31777.1	839.3633941
31877.1	840.4015788
31977.1	841.4383803
32077.1	842.4737987
32177.1	843.5078337
32277.1	844.5404853
32377.1	845.5717533
32477.1	846.6016377
32577.1	847.6301383
32677.1	848.6572551
32777.1	849.6829878
32877.1	850.7073364
32977.1	851.7303009
33077.1	852.751881
33177.1	853.7720766
33277.1	854.7908878
33377.1	855.8083142
33477.1	856.8243559
33577.1	857.8390127
33677.1	858.8522845
33777.1	859.8641712
33877.1	860.8746727
33977.1	861.8837888
34077.1	862.8915195
34177.1	863.8978647
34277.1	864.9028242
34377.1	865.9063979
34477.1	866.9085857
34577.1	867.9093875
34677.1	868.9088033
34777.1	869.9068327
34877.1	870.9034759
34977.1	871.8987326
35077.1	872.8926028
35177.1	873.8850862
35277.1	874.8761829
35377.1	875.8658927
35477.1	876.8542155
35577.1	877.8411512
35677.1	878.8266996
35777.1	879.8108607
35877.1	880.7936344
35977.1	881.7750205
36077.1	882.7550189
36177.1	883.7336295
36277.1	884.7108522
36377.1	885.6866869
36477.1	886.6611334
36577.1	887.6341917
36677.1	888.6058617
36777.1	889.5761432
36877.1	890.5450362
36977.1	891.5125404
37077.1	892.4786559
37177.1	893.4433824
37277.1	894.4067199
37377.1	895.3686683
37477.1	896.3292274
37577.1	897.2883971
37677.1	898.2461774
37777.1	899.2025681
37877.1	900.1575691
37977.1	901.1111803
38077.1	902.0634016
38177.1	903.0142328
38277.1	903.9636739
38377.1	904.9117247
38477.1	905.8583852
38577.1	906.8036551
38677.1	907.7475345
38777.1	908.6900231
38877.1	909.631121
38977.1	910.5708279
39077.1	911.5091437
39177.1	912.4460684
39277.1	913.3816018
39377.1	914.3157438
39477.1	915.2484943
39577.1	916.1798532
39677.1	917.1098204
39777.1	918.0383958
39877.1	918.9655792
39977.1	919.8913705
40077.1	920.8157697
40177.1	921.7387765
40277.1	922.660391
40377.1	923.580613
40477.1	924.4994423
40577.1	925.4168789
40677.1	926.3329226
40777.1	927.2475734
40877.1	928.160831
40977.1	929.0726955
41077.1	929.9831667
41177.1	930.8922445
41277.1	931.7999288
41377.1	932.7062194
41477.1	933.6111162
41577.1	934.5146192
41677.1	935.4167282
41777.1	936.317443
41877.1	937.2167637
41977.1	938.1146901
42077.1	939.011222
42177.1	939.9063594
42277.1	940.8001021
42377.1	941.69245
42477.1	942.5834031
42577.1	943.4729611
42677.1	944.3611241
42777.1	945.2478918
42877.1	946.1332641
42977.1	947.0172411
43077.1	947.8998224
43177.1	948.781008
43277.1	949.6607979
43377.1	950.5391919
43477.1	951.4161898
43577.1	952.2917916
43677.1	953.1659971
43777.1	954.0388063
43877.1	954.910219
43977.1	955.7802352
44077.1	956.6488546
44177.1	957.5160772
44277.1	958.3819028
44377.1	959.2463315
44477.1	960.1093629
44577.1	960.9709971
44677.1	961.831234
44777.1	962.6900733
44877.1	963.547515
44977.1	964.4035589
45077.1	965.2582051
45177.1	966.1114533
45277.1	966.9633034
45377.1	967.8137553
45477.1	968.662809
45577.1	969.5104642
45677.1	970.3567209
45777.1	971.201579
45877.1	972.0450383
45977.1	972.8870988
46077.1	973.7277603
46177.1	974.5670226
46277.1	975.4048858
46377.1	976.2413497
46477.1	977.0764141
46577.1	977.910079
46677.1	978.7423442
46777.1	979.5732097
46877.1	980.4026752
46977.1	981.2307408
47077.1	982.0574062
47177.1	982.8826714
47277.1	983.7065363
47377.1	984.5290007
47477.1	985.3500645
47577.1	986.1697276
47677.1	986.9879899
47777.1	987.8048514
47877.1	988.6203117
47977.1	989.434371
48077.1	990.2470289
48177.1	991.0582855
48277.1	991.8681406
48377.1	992.6765941
48477.1	993.4836459
48577.1	994.2892959
48677.1	995.0935439
48777.1	995.8963898
48877.1	996.6978336
48977.1	997.4978751
49077.1	998.2965141
49177.1	999.0937507
49277.1	999.8895846
49377.1	1000.684016
49477.1	1001.477044
49577.1	1002.268669
49677.1	1003.058892
49777.1	1003.847711
49877.1	1004.635126
49977.1	1005.421139
50077.1	1006.205747
50177.1	1006.988952
50277.1	1007.770754
50377.1	1008.551151
50477.1	1009.330145
50577.1	1010.107734
50677.1	1010.883919
50777.1	1011.658699
50877.1	1012.432076
50977.1	1013.204047
51077.1	1013.974614
51177.1	1014.743776
51277.1	1015.511533
51377.1	1016.277886
51477.1	1017.042833
51577.1	1017.806374
51677.1	1018.56851
51777.1	1019.329241
51877.1	1020.088566
52000.0	1020.6712
52100.0	1021.145149
52200.0	1021.618987
52300.0	1022.092715
52400.0	1022.566334
52500.0	1023.039842
52600.0	1023.51324
52700.0	1023.986527
52800.0	1024.459705
52900.0	1024.932772
53000.0	1025.405729
53100.0	1025.878576
53200.0	1026.351313
53300.0	1026.82394
53400.0	1027.296456
53500.0	1027.768862
53600.0	1028.241158
53700.0	1028.713344
53800.0	1029.185419
53900.0	1029.657385
54000.0	1030.12924
54100.0	1030.600984
54200.0	1031.072619
54300.0	1031.544143
54400.0	1032.015557
54500.0	1032.48686
54600.0	1032.958053
54700.0	1033.429136
54800.0	1033.900109
54900.0	1034.370971
55000.0	1034.841723
55100.0	1035.312365
55200.0	1035.782896
55300.0	1036.253317
55400.0	1036.723627
55500.0	1037.193828
55600.0	1037.663917
55700.0	1038.133897
55800.0	1038.603766
55900.0	1039.073524
56000.0	1039.543172
56100.0	1040.01271
56200.0	1040.482138
56300.0	1040.951454
56400.0	1041.420661
56500.0	1041.889757
56600.0	1042.358742
56700.0	1042.827617
56800.0	1043.296382
56900.0	1043.765036
57000.0	1044.23358
57100.0	1044.702013
57200.0	1045.170336
57300.0	1045.638548
57400.0	1046.106649
57500.0	1046.57464
57600.0	1047.042521
57700.0	1047.510291
57800.0	1047.977951
57900.0	1048.445499
58000.0	1048.912938
58100.0	1049.380266
58200.0	1049.847483
58300.0	1050.314589
58400.0	1050.781585
58500.0	1051.248471
58600.0	1051.715246
58700.0	1052.18191
58800.0	1052.648463
58900.0	1053.114906
59000.0	1053.581239
59100.0	1054.04746
59200.0	1054.513571
59300.0	1054.979572
59400.0	1055.445461
59500.0	1055.91124
59600.0	1056.376909
59700.0	1056.842466
59800.0	1057.307913
59900.0	1057.773249
60000.0	1058.238475
60100.0	1058.703589
60200.0	1059.168593
60300.0	1059.633487
60400.0	1060.098269
60500.0	1060.562941
60600.0	1061.027502
60700.0	1061.491952
60800.0	1061.956292
60900.0	1062.420521
61000.0	1062.884638
61100.0	1063.348645
61200.0	1063.812542
61300.0	1064.276327
61400.0	1064.740002
61500.0	1065.203566
61600.0	1065.667019
61700.0	1066.130361
61800.0	1066.593592
61900.0	1067.056712
62000.0	1067.519722
62100.0	1067.982621
62200.0	1068.445408
62300.0	1068.908085
62400.0	1069.370651
62500.0	1069.833106
62600.0	1070.295451
62700.0	1070.757684
62800.0	1071.219806
62900.0	1071.681817
63000.0	1072.143718
63100.0	1072.605507
63200.0	1073.067186
63300.0	1073.528753
63400.0	1073.99021
63500.0	1074.451555
63600.0	1074.91279
63700.0	1075.373914
63800.0	1075.834926
63900.0	1076.295828
64000.0	1076.756618
64100.0	1077.217298
64200.0	1077.677866
64300.0	1078.138324
64400.0	1078.59867
64500.0	1079.058905
64600.0	1079.519029
64700.0	1079.979043
64800.0	1080.438945
64900.0	1080.898736
65000.0	1081.358415
65100.0	1081.817984
65200.0	1082.277442
65300.0	1082.736788
65400.0	1083.196024
65500.0	1083.655148
65600.0	1084.114161
65700.0	1084.573063
65800.0	1085.031854
65900.0	1085.490533
66000.0	1085.949102
66100.0	1086.407559
66200.0	1086.865905
66300.0	1087.32414
66400.0	1087.782264
66500.0	1088.240276
66600.0	1088.698177
66700.0	1089.155967
66800.0	1089.613646
66900.0	1090.071213
67000.0	1090.52867
67100.0	1090.986014
67200.0	1091.443248
67300.0	1091.900371
67400.0	1092.357382
67500.0	1092.814281
67600.0	1093.27107
67700.0	1093.727747
67800.0	1094.184313
67900.0	1094.640768
68000.0	1095.097111
68100.0	1095.553343
68200.0	1096.009463
68300.0	1096.465472
68400.0	1096.92137
68500.0	1097.377157
68600.0	1097.832832
68700.0	1098.288395
68800.0	1098.743848
68900.0	1099.199189
69000.0	1099.654418
69100.0	1100.109536
69200.0	1100.564543
69300.0	1101.019438
69400.0	1101.474222
69500.0	1101.928894
69600.0	1102.383455
69700.0	1102.837904
69800.0	1103.292242
69900.0	1103.746469
70000.0	1104.200583
70100.0	1104.654587
70200.0	1105.108479
70300.0	1105.562259
70400.0	1106.015928
70500.0	1106.469486
70600.0	1106.922931
70700.0	1107.376266
70800.0	1107.829488
70900.0	1108.2826
71000.0	1108.735599
71100.0	1109.188487
71200.0	1109.641264
71300.0	1110.093929
71400.0	1110.546482
71500.0	1110.998923
71600.0	1111.451253
71700.0	1111.903472
71800.0	1112.355579
71900.0	1112.807574
72000.0	1113.259457
72100.0	1113.711229
72200.0	1114.162889
72300.0	1114.614438
72400.0	1115.065875
72500.0	1115.5172
72600.0	1115.968413
72700.0	1116.419515
72800.0	1116.870505
72900.0	1117.321384
73000.0	1117.77215
73100.0	1118.222805
73200.0	1118.673348
73300.0	1119.12378
73400.0	1119.574099
73500.0	1120.024307
73600.0	1120.474403
73700.0	1120.924388
73800.0	1121.37426
73900.0	1121.824021
74000.0	1122.27367
74100.0	1122.723207
74200.0	1123.172633
74300.0	1123.621946
74400.0	1124.071148
74500.0	1124.520238
74600.0	1124.969216
74700.0	1125.418082
74800.0	1125.866836
74900.0	1126.315478
75000.0	1126.764009
75100.0	1127.212428
75200.0	1127.660734
75300.0	1128.108929
75400.0	1128.557012
75500.0	1129.004983
75600.0	1129.452842
75700.0	1129.900589
75800.0	1130.348224
75900.0	1130.795748
76000.0	1131.243159
76100.0	1131.690458
76200.0	1132.137646
76300.0	1132.584721
76400.0	1133.031684
76500.0	1133.478536
76600.0	1133.925275
76700.0	1134.371902
76800.0	1134.818418
76900.0	1135.264821
77000.0	1135.711112
77100.0	1136.157292
77200.0	1136.603359
77300.0	1137.049314
77400.0	1137.495157
77500.0	1137.940888
77600.0	1138.386507
77700.0	1138.832013
77800.0	1139.277408
77900.0	1139.722691
78000.0	1140.167861
78100.0	1140.612919
78200.0	1141.057866
78300.0	1141.5027
78400.0	1141.947422
78500.0	1142.392031
78600.0	1142.836529
78700.0	1143.280914
78800.0	1143.725188
78900.0	1144.169349
79000.0	1144.613398
79100.0	1145.057334
79200.0	1145.501159
79300.0	1145.944871
79400.0	1146.388471
79500.0	1146.831959
79600.0	1147.275334
79700.0	1147.718597
79800.0	1148.161748
79900.0	1148.604787
80000.0	1149.047714
80100.0	1149.490528
80200.0	1149.93323
80300.0	1150.375819
80400.0	1150.818297
80500.0	1151.260661
80600.0	1151.702914
80700.0	1152.145054
80800.0	1152.587082
80900.0	1153.028998
81000.0	1153.470801
81100.0	1153.912492
81200.0	1154.354071
81300.0	1154.795537
81400.0	1155.236891
81500.0	1155.678132
81600.0	1156.119261
81700.0	1156.560278
81800.0	1157.001182
81900.0	1157.441974
82000.0	1157.882653
82100.0	1158.32322
82200.0	1158.763674
82300.0	1159.204016
82400.0	1159.644246
82500.0	1160.084363
82600.0	1160.524367
82700.0	1160.964259
82800.0	1161.404039
82900.0	1161.843706
83000.0	1162.28326
83100.0	1162.722702
83200.0	1163.162032
83300.0	1163.601249
83400.0	1164.040353
83500.0	1164.479345
83600.0	1164.918224
83700.0	1165.356991
83800.0	1165.795645
83900.0	1166.234187
84000.0	1166.672616
84100.0	1167.110932
84200.0	1167.549136
84300.0	1167.987227
84400.0	1168.425205
84500.0	1168.863071
84600.0	1169.300825
84700.0	1169.738465
84800.0	1170.175993
84900.0	1170.613408
85000.0	1171.050711
85100.0	1171.487901
85200.0	1171.924978
85300.0	1172.361943
85400.0	1172.798795
85500.0	1173.235534
85600.0	1173.67216
85700.0	1174.108674
85800.0	1174.545075
85900.0	1174.981363
86000.0	1175.417538
86100.0	1175.853601
86200.0	1176.289551
86300.0	1176.725388
86400.0	1177.161112
86500.0	1177.596724
86600.0	1178.032223
86700.0	1178.467608
86800.0	1178.902882
86900.0	1179.338042
87000.0	1179.773089
87100.0	1180.208024
87200.0	1180.642846
87300.0	1181.077555
87400.0	1181.512151
87500.0	1181.946634
87600.0	1182.381004
87700.0	1182.815262
87800.0	1183.249406
87900.0	1183.683438
88000.0	1184.117356
88100.0	1184.551162
88200.0	1184.984855
88300.0	1185.418435
88400.0	1185.851902
88500.0	1186.285256
88600.0	1186.718497
88700.0	1187.151625
88800.0	1187.58464
88900.0	1188.017542
89000.0	1188.450331
89100.0	1188.883008
89200.0	1189.315571
89300.0	1189.748021
89400.0	1190.180358
89500.0	1190.612582
89600.0	1191.044693
89700.0	1191.476691
89800.0	1191.908576
89900.0	1192.340348
90000.0	1192.772006
90100.0	1193.203552
90200.0	1193.634985
90300.0	1194.066304
90400.0	1194.49751
90500.0	1194.928604
90600.0	1195.359584
90700.0	1195.790451
90800.0	1196.221205
90900.0	1196.651845
91000.0	1197.082373
91100.0	1197.512787
91200.0	1197.943089
91300.0	1198.373277
91400.0	1198.803352
91500.0	1199.233313
91600.0	1199.663162
91700.0	1200.092897
91800.0	1200.522519
91900.0	1200.952028
92000.0	1201.381423
92100.0	1201.810706
92200.0	1202.239875
92300.0	1202.668931
92400.0	1203.097873
92500.0	1203.526702
92600.0	1203.955418
92700.0	1204.384021
92800.0	1204.812511
92900.0	1205.240887
93000.0	1205.669149
93100.0	1206.097299
93200.0	1206.525335
93300.0	1206.953258
93400.0	1207.381067
93500.0	1207.808763
93600.0	1208.236346
93700.0	1208.663815
93800.0	1209.091171
93900.0	1209.518414
94000.0	1209.945543
94100.0	1210.372559
94200.0	1210.799461
94300.0	1211.22625
94400.0	1211.652926
94500.0	1212.079488
94600.0	1212.505936
94700.0	1212.932271
94800.0	1213.358493
94900.0	1213.784601
95000.0	1214.210596
95100.0	1214.636477
95200.0	1215.062245
95300.0	1215.487899
95400.0	1215.91344
95500.0	1216.338867
95600.0	1216.764181
95700.0	1217.189381
95800.0	1217.614468
95900.0	1218.039441
96000.0	1218.464301
96100.0	1218.889047
96200.0	1219.313679
96300.0	1219.738198
96400.0	1220.162603
96500.0	1220.586895
96600.0	1221.011073
96700.0	1221.435137
96800.0	1221.859088
96900.0	1222.282925
97000.0	1222.706648
97100.0	1223.130258
97200.0	1223.553754
97300.0	1223.977137
97400.0	1224.400406
97500.0	1224.823561
97600.0	1225.246602
97700.0	1225.66953
97800.0	1226.092344
97900.0	1226.515044
98000.0	1226.937631
98100.0	1227.360104
98200.0	1227.782463
98300.0	1228.204708
98400.0	1228.62684
98500.0	1229.048858
98600.0	1229.470762
98700.0	1229.892552
98800.0	1230.314229
98900.0	1230.735791
99000.0	1231.15724
99100.0	1231.578576
99200.0	1231.999797
99300.0	1232.420904
99400.0	1232.841898
99500.0	1233.262778
99600.0	1233.683544
99700.0	1234.104196
99800.0	1234.524734
99900.0	1234.945158
100000.0	1235.365469
100100.0	1235.785665
100200.0	1236.205748
100300.0	1236.625717
100400.0	1237.045571
100500.0	1237.465312
100600.0	1237.884939
100700.0	1238.304452
100800.0	1238.723851
100900.0	1239.143136
101000.0	1239.562307
101100.0	1239.981365
101200.0	1240.400308
101300.0	1240.819137
101400.0	1241.237852
101500.0	1241.656453
101600.0	1242.07494
101700.0	1242.493313
101800.0	1242.911572
101900.0	1243.329717
102000.0	1243.747748
102100.0	1244.165665
102200.0	1244.583468
102300.0	1245.001157
102400.0	1245.418732
102500.0	1245.836192
102600.0	1246.253539
102700.0	1246.670771
102800.0	1247.087889
102900.0	1247.504894
103000.0	1247.921784
103100.0	1248.338559
103200.0	1248.755221
103300.0	1249.171769
103400.0	1249.588202
103500.0	1250.004521
103600.0	1250.420726
103700.0	1250.836817
103800.0	1251.252794
103900.0	1251.668656
104000.0	1252.084405
104100.0	1252.500039
104200.0	1252.915558
104300.0	1253.330964
104400.0	1253.746255
104500.0	1254.161432
104600.0	1254.576495
104700.0	1254.991443
104800.0	1255.406278
104900.0	1255.820998
105000.0	1256.235603
105100.0	1256.650094
105200.0	1257.064471
105300.0	1257.478734
105400.0	1257.892882
105500.0	1258.306916
105600.0	1258.720836
105700.0	1259.134641
105800.0	1259.548332
105900.0	1259.961909
106000.0	1260.375371
106100.0	1260.788719
106200.0	1261.201952
106300.0	1261.615071
106400.0	1262.028076
106500.0	1262.440966
106600.0	1262.853742
106700.0	1263.266403
106800.0	1263.67895
106900.0	1264.091382
107000.0	1264.5037
107100.0	1264.915903
107200.0	1265.327992
107300.0	1265.739967
107400.0	1266.151827
107500.0	1266.563572
107600.0	1266.975203
107700.0	1267.38672
107800.0	1267.798122
107900.0	1268.209409
108000.0	1268.620582
108100.0	1269.03164
108200.0	1269.442584
108300.0	1269.853413
108400.0	1270.264127
108500.0	1270.674727
108600.0	1271.085213
108700.0	1271.495583
108800.0	1271.90584
108900.0	1272.315981
109000.0	1272.726008
109100.0	1273.13592
109200.0	1273.545718
109300.0	1273.955401
109400.0	1274.364969
109500.0	1274.774423
109600.0	1275.183762
109700.0	1275.592986
109800.0	1276.002095
109900.0	1276.41109
110000.0	1276.81997
110100.0	1277.228736
110200.0	1277.637386
110300.0	1278.045922
110400.0	1278.454344
110500.0	1278.86265
110600.0	1279.270842
110700.0	1279.678919
110800.0	1280.086881
110900.0	1280.494728
111000.0	1280.90246
111100.0	1281.310078
111200.0	1281.717581
111300.0	1282.124969
111400.0	1282.532242
111500.0	1282.939401
111600.0	1283.346444
111700.0	1283.753373
111800.0	1284.160187
111900.0	1284.566886
112000.0	1284.97347
112100.0	1285.379939
112200.0	1285.786294
112300.0	1286.192533
112400.0	1286.598658
112500.0	1287.004667
112600.0	1287.410562
112700.0	1287.816341
112800.0	1288.222006
112900.0	1288.627556
113000.0	1289.032991
113100.0	1289.438311
113200.0	1289.843516
113300.0	1290.248605
113400.0	1290.65358
113500.0	1291.05844
113600.0	1291.463185
113700.0	1291.867815
113800.0	1292.27233
113900.0	1292.676729
114000.0	1293.081014
114100.0	1293.485184
114200.0	1293.889238
114300.0	1294.293178
114400.0	1294.697002
114500.0	1295.100712
114600.0	1295.504306
114700.0	1295.907785
114800.0	1296.311149
114900.0	1296.714398
115000.0	1297.117532
115100.0	1297.520551
115200.0	1297.923454
115300.0	1298.326242
115400.0	1298.728916
115500.0	1299.131474
115600.0	1299.533916
115700.0	1299.936244
115800.0	1300.338456
115900.0	1300.740554
116000.0	1301.142536
116100.0	1301.544402
116200.0	1301.946154
116300.0	1302.34779
116400.0	1302.749311
116500.0	1303.150717
116600.0	1303.552008
116700.0	1303.953183
116800.0	1304.354243
116900.0	1304.755187
117000.0	1305.156017
117100.0	1305.556731
117200.0	1305.95733
117300.0	1306.357813
117400.0	1306.758181
117500.0	1307.158434
117600.0	1307.558571
117700.0	1307.958593
117800.0	1308.3585
117900.0	1308.758291
118000.0	1309.157967
118100.0	1309.557528
118200.0	1309.956973
118300.0	1310.356302
118400.0	1310.755517
118500.0	1311.154615
118600.0	1311.553599
118700.0	1311.952467
118800.0	1312.351219
118900.0	1312.749856
119000.0	1313.148378
119100.0	1313.546784
119200.0	1313.945075
119300.0	1314.34325
119400.0	1314.741309
119500.0	1315.139253
119600.0	1315.537082
119700.0	1315.934795
119800.0	1316.332393
119900.0	1316.729874
120000.0	1317.127241
120100.0	1317.524492
120200.0	1317.921627
120300.0	1318.318647
120400.0	1318.715551
120500.0	1319.112339
120600.0	1319.509012
120700.0	1319.905569
120800.0	1320.302011
120900.0	1320.698337
121000.0	1321.094548
121100.0	1321.490642
121200.0	1321.886621
121300.0	1322.282485
121400.0	1322.678233
121500.0	1323.073865
121600.0	1323.469381
121700.0	1323.864782
121800.0	1324.260067
121900.0	1324.655236
122000.0	1325.050289
122100.0	1325.445227
122200.0	1325.840049
122300.0	1326.234756
122400.0	1326.629346
122500.0	1327.023821
122600.0	1327.41818
122700.0	1327.812423
122800.0	1328.206551
122900.0	1328.600562
123000.0	1328.994458
123100.0	1329.388238
123200.0	1329.781902
123300.0	1330.17545
123400.0	1330.568883
123500.0	1330.9622
123600.0	1331.3554
123700.0	1331.748485
123800.0	1332.141454
123900.0	1332.534307
124000.0	1332.927045
124100.0	1333.319666
124200.0	1333.712171
124300.0	1334.104561
124400.0	1334.496834
124500.0	1334.888992
124600.0	1335.281034
124700.0	1335.67296
124800.0	1336.064769
124900.0	1336.456463
125000.0	1336.848041
125100.0	1337.239503
125200.0	1337.630849
125300.0	1338.022078
125400.0	1338.413192
125500.0	1338.80419
125600.0	1339.195072
125700.0	1339.585837
125800.0	1339.976487
125900.0	1340.367021
126000.0	1340.757438
126100.0	1341.14774
126200.0	1341.537925
126300.0	1341.927994
126400.0	1342.317948
126500.0	1342.707785
126600.0	1343.097506
126700.0	1343.48711
126800.0	1343.876599
126900.0	1344.265972
127000.0	1344.655228
127100.0	1345.044368
127200.0	1345.433392
127300.0	1345.8223
127400.0	1346.211092
127500.0	1346.599768
127600.0	1346.988327
127700.0	1347.37677
127800.0	1347.765097
127900.0	1348.153307
128000.0	1348.541402
128100.0	1348.92938
128200.0	1349.317242
128300.0	1349.704988
128400.0	1350.092617
128500.0	1350.48013
128600.0	1350.867527
128700.0	1351.254807
128800.0	1351.641972
128900.0	1352.029019
129000.0	1352.415951
129100.0	1352.802766
129200.0	1353.189465
129300.0	1353.576048
129400.0	1353.962514
129500.0	1354.348864
129600.0	1354.735097
129700.0	1355.121214
129800.0	1355.507215
129900.0	1355.893099
130000.0	1356.278867
130100.0	1356.664518
130200.0	1357.050053
130300.0	1357.435472
130400.0	1357.820774
130500.0	1358.205959
130600.0	1358.591029
130700.0	1358.975981
130800.0	1359.360818
130900.0	1359.745537
131000.0	1360.130141
131100.0	1360.514627
131200.0	1360.898998
131300.0	1361.283251
131400.0	1361.667388
131500.0	1362.051409
131600.0	1362.435313
131700.0	1362.819101
131800.0	1363.202772
131900.0	1363.586326
132000.0	1363.969764
132100.0	1364.353085
132200.0	1364.73629
132300.0	1365.119378
132400.0	1365.502349
132500.0	1365.885204
132600.0	1366.267942
132700.0	1366.650563
132800.0	1367.033068
132900.0	1367.415456
133000.0	1367.797728
133100.0	1368.179883
133200.0	1368.561921
133300.0	1368.943842
133400.0	1369.325647
133500.0	1369.707335
133600.0	1370.088906
133700.0	1370.470361
133800.0	1370.851699
133900.0	1371.23292
134000.0	1371.614024
134100.0	1371.995012
134200.0	1372.375882
134300.0	1372.756636
134400.0	1373.137274
134500.0	1373.517794
134600.0	1373.898198
134700.0	1374.278484
134800.0	1374.658654
134900.0	1375.038707
135000.0	1375.418644
135100.0	1375.798463
135200.0	1376.178166
135300.0	1376.557751
135400.0	1376.93722
135500.0	1377.316572
135600.0	1377.695807
135700.0	1378.074925
135800.0	1378.453926
135900.0	1378.832811
136000.0	1379.211578
136100.0	1379.590228
136200.0	1379.968762
136300.0	1380.347178
136400.0	1380.725478
136500.0	1381.10366
136600.0	1381.481726
136700.0	1381.859675
136800.0	1382.237506
136900.0	1382.615221
137000.0	1382.992818
137100.0	1383.370299
137200.0	1383.747662
137300.0	1384.124909
137400.0	1384.502038
137500.0	1384.87905
137600.0	1385.255946
137700.0	1385.632724
137800.0	1386.009385
137900.0	1386.385929
138000.0	1386.762356
138100.0	1387.138666
138200.0	1387.514858
138300.0	1387.890934
138400.0	1388.266892
138500.0	1388.642733
138600.0	1389.018457
138700.0	1389.394064
138800.0	1389.769554
138900.0	1390.144927
139000.0	1390.520182
139100.0	1390.89532
139200.0	1391.270341
139300.0	1391.645245
139400.0	1392.020031
139500.0	1392.3947
139600.0	1392.769252
139700.0	1393.143687
139800.0	1393.518005
139900.0	1393.892205
140000.0	1394.266288
140100.0	1394.640253
140200.0	1395.014102
140300.0	1395.387833
140400.0	1395.761446
140500.0	1396.134943
140600.0	1396.508322
140700.0	1396.881584
140800.0	1397.254728
140900.0	1397.627755
141000.0	1398.000665
141100.0	1398.373457
141200.0	1398.746132
141300.0	1399.118689
141400.0	1399.491129
141500.0	1399.863452
141600.0	1400.235657
141700.0	1400.607745
141800.0	1400.979715
141900.0	1401.351568
142000.0	1401.723304
142100.0	1402.094922
142200.0	1402.466422
142300.0	1402.837805
142400.0	1403.209071
142500.0	1403.580219
142600.0	1403.951249
142700.0	1404.322162
142800.0	1404.692958
142900.0	1405.063636
143000.0	1405.434196
143100.0	1405.804639
143200.0	1406.174964
143300.0	1406.545172
143400.0	1406.915262
143500.0	1407.285235
143600.0	1407.655089
143700.0	1408.024827
143800.0	1408.394447
143900.0	1408.763949
144000.0	1409.133333
144100.0	1409.5026
144200.0	1409.871749
144300.0	1410.240781
144400.0	1410.609694
144500.0	1410.97849
144600.0	1411.347169
144700.0	1411.71573
144800.0	1412.084173
144900.0	1412.452498
145000.0	1412.820706
145100.0	1413.188796
145200.0	1413.556768
145300.0	1413.924622
145400.0	1414.292359
145500.0	1414.659978
145600.0	1415.027479
145700.0	1415.394862
145800.0	1415.762128
145900.0	1416.129275
146000.0	1416.496305
146100.0	1416.863217
146200.0	1417.230012
146300.0	1417.596688
146400.0	1417.963247
146500.0	1418.329687
146600.0	1418.69601
146700.0	1419.062215
146800.0	1419.428302
146900.0	1419.794272
147000.0	1420.160123
147100.0	1420.525856
147200.0	1420.891472
147300.0	1421.256969
147400.0	1421.622349
147500.0	1421.987611
147600.0	1422.352754
147700.0	1422.71778
147800.0	1423.082688
147900.0	1423.447478
148000.0	1423.81215
148100.0	1424.176703
148200.0	1424.541139
148300.0	1424.905457
148400.0	1425.269657
148500.0	1425.633739
148600.0	1425.997702
148700.0	1426.361548
148800.0	1426.725275
148900.0	1427.088885
149000.0	1427.452376
149100.0	1427.81575
149200.0	1428.179005
149300.0	1428.542142
149400.0	1428.905161
149500.0	1429.268062
149600.0	1429.630845
149700.0	1429.99351
149800.0	1430.356056
149900.0	1430.718484
150000.0	1431.080795
150100.0	1431.442987
150200.0	1431.80506
150300.0	1432.167016
150400.0	1432.528853
150500.0	1432.890573
150600.0	1433.252174
150700.0	1433.613656
150800.0	1433.975021
150900.0	1434.336267
151000.0	1434.697395
151100.0	1435.058405
151200.0	1435.419296
151300.0	1435.78007
151400.0	1436.140724
151500.0	1436.501261
151600.0	1436.861679
151700.0	1437.221979
151800.0	1437.582161
151900.0	1437.942224
152000.0	1438.302169
152100.0	1438.661996
152200.0	1439.021704
152300.0	1439.381294
152400.0	1439.740765
152500.0	1440.100118
152600.0	1440.459353
152700.0	1440.818469
152800.0	1441.177467
152900.0	1441.536347
153000.0	1441.895108
153100.0	1442.25375
153200.0	1442.612274
153300.0	1442.97068
153400.0	1443.328967
153500.0	1443.687136
153600.0	1444.045186
153700.0	1444.403117
153800.0	1444.760931
153900.0	1445.118625
154000.0	1445.476201
154100.0	1445.833659
154200.0	1446.190998
154300.0	1446.548219
154400.0	1446.905321
154500.0	1447.262304
154600.0	1447.619169
154700.0	1447.975915
154800.0	1448.332542
154900.0	1448.689051
155000.0	1449.045442
155100.0	1449.401714
155200.0	1449.757867
155300.0	1450.113901
155400.0	1450.469817
155500.0	1450.825614
155600.0	1451.181293
155700.0	1451.536852
155800.0	1451.892294
155900.0	1452.247616
156000.0	1452.60282
156100.0	1452.957905
156200.0	1453.312871
156300.0	1453.667718
156400.0	1454.022447
156500.0	1454.377057
156600.0	1454.731549
156700.0	1455.085921
156800.0	1455.440175
156900.0	1455.79431
157000.0	1456.148326
157100.0	1456.502223
157200.0	1456.856002
157300.0	1457.209662
157400.0	1457.563202
157500.0	1457.916624
157600.0	1458.269928
157700.0	1458.623112
157800.0	1458.976177
157900.0	1459.329124
158000.0	1459.681952
158100.0	1460.03466
158200.0	1460.38725
158300.0	1460.739721
158400.0	1461.092073
158500.0	1461.444306
158600.0	1461.796421
158700.0	1462.148416
158800.0	1462.500292
158900.0	1462.852049
159000.0	1463.203688
159100.0	1463.555207
159200.0	1463.906607
159300.0	1464.257889
159400.0	1464.609051
159500.0	1464.960094
159600.0	1465.311018
159700.0	1465.661824
159800.0	1466.01251
159900.0	1466.363077
160000.0	1466.713525
160100.0	1467.063854
160200.0	1467.414064
160300.0	1467.764155
160400.0	1468.114126
160500.0	1468.463979
160600.0	1468.813712
160700.0	1469.163326
160800.0	1469.512822
160900.0	1469.862198
161000.0	1470.211454
161100.0	1470.560592
161200.0	1470.909611
161300.0	1471.25851
161400.0	1471.60729
161500.0	1471.955951
161600.0	1472.304493
161700.0	1472.652915
161800.0	1473.001218
161900.0	1473.349402
162000.0	1473.697467
162100.0	1474.045412
162200.0	1474.393239
162300.0	1474.740946
162400.0	1475.088533
162500.0	1475.436002
162600.0	1475.783351
162700.0	1476.13058
162800.0	1476.477691
162900.0	1476.824682
163000.0	1477.171554
163100.0	1477.518306
163200.0	1477.864939
163300.0	1478.211453
163400.0	1478.557847
163500.0	1478.904122
163600.0	1479.250277
163700.0	1479.596313
163800.0	1479.94223
163900.0	1480.288027
164000.0	1480.633705
164100.0	1480.979263
164200.0	1481.324702
164300.0	1481.670022
164400.0	1482.015221
164500.0	1482.360302
164600.0	1482.705263
164700.0	1483.050104
164800.0	1483.394826
164900.0	1483.739429
165000.0	1484.083912
165100.0	1484.428275
165200.0	1484.772519
165300.0	1485.116643
165400.0	1485.460648
165500.0	1485.804533
165600.0	1486.148299
165700.0	1486.491945
165800.0	1486.835471
165900.0	1487.178878
166000.0	1487.522165
166100.0	1487.865333
166200.0	1488.208381
166300.0	1488.551309
166400.0	1488.894118
166500.0	1489.236807
166600.0	1489.579376
166700.0	1489.921826
166800.0	1490.264155
166900.0	1490.606366
167000.0	1490.948456
167100.0	1491.290427
167200.0	1491.632278
167300.0	1491.974009
167400.0	1492.315621
167500.0	1492.657113
167600.0	1492.998485
167700.0	1493.339737
167800.0	1493.680869
167900.0	1494.021882
168000.0	1494.362775
168100.0	1494.703548
168200.0	1495.044201
168300.0	1495.384735
168400.0	1495.725148
168500.0	1496.065442
168600.0	1496.405616
168700.0	1496.74567
168800.0	1497.085604
168900.0	1497.425418
169000.0	1497.765113
169100.0	1498.104687
169200.0	1498.444142
169300.0	1498.783476
169400.0	1499.122691
169500.0	1499.461786
169600.0	1499.800761
169700.0	1500.139616
169800.0	1500.47835
169900.0	1500.816965
170000.0	1501.15546
170100.0	1501.493835
170200.0	1501.83209
170300.0	1502.170225
170400.0	1502.50824
170500.0	1502.846135
170600.0	1503.18391
170700.0	1503.521564
170800.0	1503.859099
170900.0	1504.196514
171000.0	1504.533808
171100.0	1504.870983
171200.0	1505.208037
171300.0	1505.544971
171400.0	1505.881785
171500.0	1506.218479
171600.0	1506.555053
171700.0	1506.891507
171800.0	1507.227841
171900.0	1507.564054
172000.0	1507.900147
172100.0	1508.23612
172200.0	1508.571973
172300.0	1508.907706
172400.0	1509.243318
172500.0	1509.57881
172600.0	1509.914182
172700.0	1510.249434
172800.0	1510.584566
172900.0	1510.919577
173000.0	1511.254468
173100.0	1511.589239
173200.0	1511.923889
173300.0	1512.258419
173400.0	1512.592829
173500.0	1512.927119
173600.0	1513.261288
173700.0	1513.595337
173800.0	1513.929265
173900.0	1514.263074
174000.0	1514.596761
174100.0	1514.930329
174200.0	1515.263776
174300.0	1515.597103
174400.0	1515.930309
174500.0	1516.263395
174600.0	1516.59636
174700.0	1516.929205
174800.0	1517.26193
174900.0	1517.594534
175000.0	1517.927018
175100.0	1518.259381
175200.0	1518.591624
175300.0	1518.923746
175400.0	1519.255748
175500.0	1519.58763
175600.0	1519.919391
175700.0	1520.251031
175800.0	1520.582551
175900.0	1520.91395
176000.0	1521.245229
176100.0	1521.576387
176200.0	1521.907424
176300.0	1522.238341
176400.0	1522.569138
176500.0	1522.899814
176600.0	1523.230369
176700.0	1523.560804
176800.0	1523.891118
176900.0	1524.221311
177000.0	1524.551384
177100.0	1524.881336
177200.0	1525.211167
177300.0	1525.540878
177400.0	1525.870468
177500.0	1526.199938
177600.0	1526.529286
177700.0	1526.858514
177800.0	1527.187622
177900.0	1527.516608
178000.0	1527.845474
178100.0	1528.174219
178200.0	1528.502843
178300.0	1528.831347
178400.0	1529.15973
178500.0	1529.487992
178600.0	1529.816133
178700.0	1530.144154
178800.0	1530.472053
178900.0	1530.799832
179000.0	1531.12749
179100.0	1531.455027
179200.0	1531.782444
179300.0	1532.109739
179400.0	1532.436914
179500.0	1532.763967
179600.0	1533.0909
179700.0	1533.417712
179800.0	1533.744403
179900.0	1534.070973
180000.0	1534.397423
180100.0	1534.723751
180200.0	1535.049958
180300.0	1535.376045
180400.0	1535.70201
180500.0	1536.027855
180600.0	1536.353578
180700.0	1536.679181
180800.0	1537.004662
180900.0	1537.330023
181000.0	1537.655262
181100.0	1537.980381
181200.0	1538.305378
181300.0	1538.630254
181400.0	1538.95501
181500.0	1539.279644
181600.0	1539.604157
181700.0	1539.928549
181800.0	1540.25282
181900.0	1540.57697
182000.0	1540.900999
182100.0	1541.224907
182200.0	1541.548693
182300.0	1541.872359
182400.0	1542.195903
182500.0	1542.519326
182600.0	1542.842628
182700.0	1543.165809
182800.0	1543.488869
182900.0	1543.811807
183000.0	1544.134624
183100.0	1544.45732
183200.0	1544.779895
183300.0	1545.102349
183400.0	1545.424681
183500.0	1545.746892
183600.0	1546.068982
183700.0	1546.39095
183800.0	1546.712798
183900.0	1547.034524
184000.0	1547.356128
184100.0	1547.677612
184200.0	1547.998974
184300.0	1548.320214
184400.0	1548.641334
184500.0	1548.962332
184600.0	1549.283208
184700.0	1549.603964
184800.0	1549.924598
184900.0	1550.24511
185000.0	1550.565501
185100.0	1550.885771
185200.0	1551.205919
185300.0	1551.525946
185400.0	1551.845852
185500.0	1552.165636
185600.0	1552.485298
185700.0	1552.804839
185800.0	1553.124259
185900.0	1553.443557
186000.0	1553.762734
186100.0	1554.081789
186200.0	1554.400723
186300.0	1554.719535
186400.0	1555.038226
186500.0	1555.356795
186600.0	1555.675242
186700.0	1555.993568
186800.0	1556.311773
186900.0	1556.629855
187000.0	1556.947817
187100.0	1557.265656
187200.0	1557.583374
187300.0	1557.900971
187400.0	1558.218446
187500.0	1558.535799
187600.0	1558.85303
187700.0	1559.17014
187800.0	1559.487129
187900.0	1559.803995
188000.0	1560.12074
188100.0	1560.437363
188200.0	1560.753865
188300.0	1561.070245
188400.0	1561.386503
188500.0	1561.702639
188600.0	1562.018654
188700.0	1562.334547
188800.0	1562.650318
188900.0	1562.965967
189000.0	1563.281495
189100.0	1563.5969
189200.0	1563.912184
189300.0	1564.227347
189400.0	1564.542387
189500.0	1564.857306
189600.0	1565.172102
189700.0	1565.486777
189800.0	1565.80133
189900.0	1566.115761
190000.0	1566.430071
190100.0	1566.744258
190200.0	1567.058324
190300.0	1567.372267
190400.0	1567.686089
190500.0	1567.999789
190600.0	1568.313367
190700.0	1568.626822
190800.0	1568.940156
190900.0	1569.253368
191000.0	1569.566459
191100.0	1569.879427
191200.0	1570.192273
191300.0	1570.504997
191400.0	1570.817599
191500.0	1571.130079
191600.0	1571.442437
191700.0	1571.754673
191800.0	1572.066787
191900.0	1572.378779
192000.0	1572.690649
192100.0	1573.002397
192200.0	1573.314022
192300.0	1573.625526
192400.0	1573.936907
192500.0	1574.248167
192600.0	1574.559304
192700.0	1574.870319
192800.0	1575.181212
192900.0	1575.491983
193000.0	1575.802632
193100.0	1576.113158
193200.0	1576.423563
193300.0	1576.733845
193400.0	1577.044005
193500.0	1577.354042
193600.0	1577.663958
193700.0	1577.973751
193800.0	1578.283422
193900.0	1578.592971
194000.0	1578.902398
194100.0	1579.211702
194200.0	1579.520884
194300.0	1579.829944
194400.0	1580.138881
194500.0	1580.447696
194600.0	1580.756389
194700.0	1581.06496
194800.0	1581.373408
194900.0	1581.681734
195000.0	1581.989937
195100.0	1582.298018
195200.0	1582.605977
195300.0	1582.913813
195400.0	1583.221527
195500.0	1583.529119
195600.0	1583.836588
195700.0	1584.143935
195800.0	1584.451159
195900.0	1584.758261
196000.0	1585.06524
196100.0	1585.372097
196200.0	1585.678832
196300.0	1585.985444
196400.0	1586.291933
196500.0	1586.5983
196600.0	1586.904545
196700.0	1587.210667
196800.0	1587.516666
196900.0	1587.822543
197000.0	1588.128297
197100.0	1588.433929
197200.0	1588.739439
197300.0	1589.044825
197400.0	1589.350089
197500.0	1589.655231
197600.0	1589.96025
197700.0	1590.265146
197800.0	1590.56992
197900.0	1590.874571
198000.0	1591.179099
198100.0	1591.483505
198200.0	1591.787788
198300.0	1592.091948
198400.0	1592.395986
198500.0	1592.699901
198600.0	1593.003693
198700.0	1593.307363
198800.0	1593.61091
198900.0	1593.914334
199000.0	1594.217635
199100.0	1594.520814
199200.0	1594.82387
199300.0	1595.126803
199400.0	1595.429613
199500.0	1595.732301
199600.0	1596.034866
199700.0	1596.337307
199800.0	1596.639627
199900.0	1596.941823
200000.0	1597.243896
200100.0	1597.545847
200200.0	1597.847675
200300.0	1598.14938
200400.0	1598.450962
200500.0	1598.752421
200600.0	1599.053757
200700.0	1599.35497
200800.0	1599.656061
200900.0	1599.957028
201000.0	1600.257873
201100.0	1600.558594
201200.0	1600.859193
201300.0	1601.159668
201400.0	1601.460021
201500.0	1601.760251
201600.0	1602.060357
201700.0	1602.360341
201800.0	1602.660202
201900.0	1602.959939
202000.0	1603.259554
202100.0	1603.559046
202200.0	1603.858414
202300.0	1604.15766
202400.0	1604.456782
202500.0	1604.755781
202600.0	1605.054658
202700.0	1605.353411
202800.0	1605.652041
202900.0	1605.950547
203000.0	1606.248931
203100.0	1606.547192
203200.0	1606.845329
203300.0	1607.143344
203400.0	1607.441235
203500.0	1607.739003
203600.0	1608.036647
203700.0	1608.334169
203800.0	1608.631567
203900.0	1608.928842
204000.0	1609.225994
204100.0	1609.523023
204200.0	1609.819928
204300.0	1610.11671
204400.0	1610.413369
204500.0	1610.709905
204600.0	1611.006317
204700.0	1611.302606
204800.0	1611.598772
204900.0	1611.894814
205000.0	1612.190733
205100.0	1612.486529
205200.0	1612.782201
205300.0	1613.07775
205400.0	1613.373176
205500.0	1613.668478
205600.0	1613.963657
205700.0	1614.258712
205800.0	1614.553644
205900.0	1614.848453
206000.0	1615.143138
206100.0	1615.4377
206200.0	1615.732138
206300.0	1616.026453
206400.0	1616.320644
206500.0	1616.614712
206600.0	1616.908656
206700.0	1617.202477
206800.0	1617.496175
206900.0	1617.789749
207000.0	1618.083199
207100.0	1618.376526
207200.0	1618.669729
207300.0	1618.962809
207400.0	1619.255765
207500.0	1619.548598
207600.0	1619.841307
207700.0	1620.133892
207800.0	1620.426354
207900.0	1620.718692
208000.0	1621.010907
208100.0	1621.302997
208200.0	1621.594965
208300.0	1621.886808
208400.0	1622.178528
208500.0	1622.470125
208600.0	1622.761597
208700.0	1623.052946
208800.0	1623.344171
208900.0	1623.635273
209000.0	1623.926251
209100.0	1624.217105
209200.0	1624.507835
209300.0	1624.798441
209400.0	1625.088924
209500.0	1625.379283
209600.0	1625.669518
209700.0	1625.95963
209800.0	1626.249617
209900.0	1626.539481
210000.0	1626.829221
210100.0	1627.118837
210200.0	1627.408329
210300.0	1627.697698
210400.0	1627.986942
210500.0	1628.276063
210600.0	1628.56506
210700.0	1628.853933
210800.0	1629.142682
210900.0	1629.431307
211000.0	1629.719808
211100.0	1630.008185
211200.0	1630.296439
211300.0	1630.584568
211400.0	1630.872573
211500.0	1631.160455
211600.0	1631.448212
211700.0	1631.735846
211800.0	1632.023355
211900.0	1632.310741
212000.0	1632.598002
212100.0	1632.885139
212200.0	1633.172153
212300.0	1633.459042
212400.0	1633.745807
212500.0	1634.032448
212600.0	1634.318965
212700.0	1634.605358
212800.0	1634.891627
212900.0	1635.177772
213000.0	1635.463792
213100.0	1635.749689
213200.0	1636.035461
213300.0	1636.321109
213400.0	1636.606633
213500.0	1636.892033
213600.0	1637.177309
213700.0	1637.46246
213800.0	1637.747488
213900.0	1638.032391
214000.0	1638.31717
214100.0	1638.601824
214200.0	1638.886355
214300.0	1639.170761
214400.0	1639.455042
214500.0	1639.7392
214600.0	1640.023233
214700.0	1640.307142
214800.0	1640.590927
214900.0	1640.874587
215000.0	1641.158123
215100.0	1641.441535
215200.0	1641.724823
215300.0	1642.007986
215400.0	1642.291024
215500.0	1642.573938
215600.0	1642.856728
215700.0	1643.139394
215800.0	1643.421935
215900.0	1643.704352
216000.0	1643.986644
216100.0	1644.268812
216200.0	1644.550855
216300.0	1644.832774
216400.0	1645.114569
216500.0	1645.396239
216600.0	1645.677784
216700.0	1645.959205
216800.0	1646.240502
216900.0	1646.521674
217000.0	1646.802721
217100.0	1647.083644
217200.0	1647.364442
217300.0	1647.645116
217400.0	1647.925666
217500.0	1648.20609
217600.0	1648.48639
217700.0	1648.766566
217800.0	1649.046617
217900.0	1649.326543
218000.0	1649.606345
218100.0	1649.886022
218200.0	1650.165574
218300.0	1650.445002
218400.0	1650.724305
218500.0	1651.003484
218600.0	1651.282537
218700.0	1651.561466
218800.0	1651.840271
218900.0	1652.11895
219000.0	1652.397505
219100.0	1652.675935
219200.0	1652.954241
219300.0	1653.232421
219400.0	1653.510477
219500.0	1653.788408
219600.0	1654.066215
219700.0	1654.343896
219800.0	1654.621453
219900.0	1654.898885
220000.0	1655.176192
220100.0	1655.453374
220200.0	1655.730431
220300.0	1656.007364
220400.0	1656.284172
220500.0	1656.560854
220600.0	1656.837412
220700.0	1657.113845
220800.0	1657.390153
220900.0	1657.666337
221000.0	1657.942395
221100.0	1658.218328
221200.0	1658.494136
221300.0	1658.76982
221400.0	1659.045378
221500.0	1659.320812
221600.0	1659.59612
221700.0	1659.871304
221800.0	1660.146362
221900.0	1660.421296
222000.0	1660.696104
222100.0	1660.970787
222200.0	1661.245346
222300.0	1661.519779
222400.0	1661.794087
222500.0	1662.06827
222600.0	1662.342328
222700.0	1662.616261
222800.0	1662.890069
222900.0	1663.163752
223000.0	1663.437309
223100.0	1663.710742
223200.0	1663.984049
223300.0	1664.257231
223400.0	1664.530288
223500.0	1664.80322
223600.0	1665.076026
223700.0	1665.348707
223800.0	1665.621264
223900.0	1665.893694
224000.0	1666.166
224100.0	1666.438181
224200.0	1666.710236
224300.0	1666.982166
224400.0	1667.25397
224500.0	1667.52565
224600.0	1667.797204
224700.0	1668.068632
224800.0	1668.339936
224900.0	1668.611114
225000.0	1668.882167
225100.0	1669.153094
225200.0	1669.423896
225300.0	1669.694573
225400.0	1669.965124
225500.0	1670.23555
225600.0	1670.505851
225700.0	1670.776026
225800.0	1671.046076
225900.0	1671.316
226000.0	1671.585799
226100.0	1671.855472
226200.0	1672.12502
226300.0	1672.394443
226400.0	1672.66374
226500.0	1672.932911
226600.0	1673.201957
226700.0	1673.470878
226800.0	1673.739673
226900.0	1674.008342
227000.0	1674.276886
227100.0	1674.545305
227200.0	1674.813598
227300.0	1675.081765
227400.0	1675.349806
227500.0	1675.617723
227600.0	1675.885513
227700.0	1676.153178
227800.0	1676.420717
227900.0	1676.688131
228000.0	1676.955419
228100.0	1677.222581
228200.0	1677.489618
228300.0	1677.756529
228400.0	1678.023314
228500.0	1678.289974
228600.0	1678.556507
228700.0	1678.822916
228800.0	1679.089198
228900.0	1679.355355
229000.0	1679.621386
229100.0	1679.887291
229200.0	1680.153071
229300.0	1680.418724
229400.0	1680.684252
229500.0	1680.949654
229600.0	1681.214931
229700.0	1681.480081
229800.0	1681.745106
229900.0	1682.010004
230000.0	1682.274777
230100.0	1682.539425
230200.0	1682.803946
230300.0	1683.068341
230400.0	1683.332611
230500.0	1683.596754
230600.0	1683.860772
230700.0	1684.124664
230800.0	1684.388429
230900.0	1684.652069
231000.0	1684.915583
231100.0	1685.178971
231200.0	1685.442233
231300.0	1685.705369
231400.0	1685.968379
231500.0	1686.231263
231600.0	1686.494021
231700.0	1686.756653
231800.0	1687.019159
231900.0	1687.281539
232000.0	1687.543793
232100.0	1687.805921
232200.0	1688.067922
232300.0	1688.329798
232400.0	1688.591547
232500.0	1688.853171
232600.0	1689.114668
232700.0	1689.376039
232800.0	1689.637284
232900.0	1689.898403
233000.0	1690.159396
233100.0	1690.420262
233200.0	1690.681003
233300.0	1690.941617
233400.0	1691.202105
233500.0	1691.462467
233600.0	1691.722702
233700.0	1691.982812
233800.0	1692.242795
233900.0	1692.502652
234000.0	1692.762382
234100.0	1693.021986
234200.0	1693.281464
234300.0	1693.540816
234400.0	1693.800042
234500.0	1694.059141
234600.0	1694.318114
234700.0	1694.57696
234800.0	1694.83568
234900.0	1695.094274
235000.0	1695.352741
235100.0	1695.611082
235200.0	1695.869297
235300.0	1696.127385
235400.0	1696.385347
235500.0	1696.643182
235600.0	1696.900891
235700.0	1697.158474
235800.0	1697.41593
235900.0	1697.67326
236000.0	1697.930463
236100.0	1698.187539
236200.0	1698.44449
236300.0	1698.701313
236400.0	1698.95801
236500.0	1699.214581
236600.0	1699.471025
236700.0	1699.727343
236800.0	1699.983534
236900.0	1700.239598
237000.0	1700.495536
237100.0	1700.751347
237200.0	1701.007032
237300.0	1701.26259
237400.0	1701.518022
237500.0	1701.773327
237600.0	1702.028505
237700.0	1702.283556
237800.0	1702.538481
237900.0	1702.79328
238000.0	1703.047951
238100.0	1703.302496
238200.0	1703.556914
238300.0	1703.811206
238400.0	1704.06537
238500.0	1704.319408
238600.0	1704.57332
238700.0	1704.827104
238800.0	1705.080762
238900.0	1705.334293
239000.0	1705.587697
239100.0	1705.840975
239200.0	1706.094125
239300.0	1706.347149
239400.0	1706.600046
239500.0	1706.852816
239600.0	1707.10546
239700.0	1707.357976
239800.0	1707.610366
239900.0	1707.862628
240000.0	1708.114764
240100.0	1708.366773
240200.0	1708.618655
240300.0	1708.87041
240400.0	1709.122038
240500.0	1709.373539
240600.0	1709.624914
240700.0	1709.876161
240800.0	1710.127281
240900.0	1710.378275
241000.0	1710.629141
241100.0	1710.87988
241200.0	1711.130493
241300.0	1711.380978
241400.0	1711.631336
241500.0	1711.881568
241600.0	1712.131672
241700.0	1712.381649
241800.0	1712.631499
241900.0	1712.881222
242000.0	1713.130818
242100.0	1713.380286
242200.0	1713.629628
242300.0	1713.878842
242400.0	1714.12793
242500.0	1714.37689
242600.0	1714.625723
242700.0	1714.874429
242800.0	1715.123008
242900.0	1715.371459
243000.0	1715.619783
243100.0	1715.86798
243200.0	1716.11605
243300.0	1716.363993
243400.0	1716.611808
243500.0	1716.859496
243600.0	1717.107057
243700.0	1717.354491
243800.0	1717.601797
243900.0	1717.848976
244000.0	1718.096028
244100.0	1718.342952
244200.0	1718.589749
244300.0	1718.836419
244400.0	1719.082961
244500.0	1719.329376
244600.0	1719.575664
244700.0	1719.821824
244800.0	1720.067857
244900.0	1720.313762
245000.0	1720.55954
245100.0	1720.805191
245200.0	1721.050714
245300.0	1721.296109
245400.0	1721.541378
245500.0	1721.786518
245600.0	1722.031532
245700.0	1722.276418
245800.0	1722.521176
245900.0	1722.765807
246000.0	1723.01031
246100.0	1723.254686
246200.0	1723.498934
246300.0	1723.743054
246400.0	1723.987048
246500.0	1724.230913
246600.0	1724.474651
246700.0	1724.718261
246800.0	1724.961744
246900.0	1725.205099
247000.0	1725.448327
247100.0	1725.691426
247200.0	1725.934399
247300.0	1726.177243
247400.0	1726.41996
247500.0	1726.662549
247600.0	1726.905011
247700.0	1727.147344
247800.0	1727.389551
247900.0	1727.631629
248000.0	1727.87358
248100.0	1728.115402
248200.0	1728.357098
248300.0	1728.598665
248400.0	1728.840104
248500.0	1729.081416
248600.0	1729.3226
248700.0	1729.563656
248800.0	1729.804585
248900.0	1730.045385
249000.0	1730.286058
249100.0	1730.526603
249200.0	1730.76702
249300.0	1731.007309
249400.0	1731.24747
249500.0	1731.487504
249600.0	1731.727409
249700.0	1731.967187
249800.0	1732.206836
249900.0	1732.446358
250000.0	1732.685751
250100.0	1732.925017
250200.0	1733.164155
250300.0	1733.403165
250400.0	1733.642047
250500.0	1733.8808
250600.0	1734.119426
250700.0	1734.357924
250800.0	1734.596294
250900.0	1734.834536
251000.0	1735.072649
251100.0	1735.310635
251200.0	1735.548492
251300.0	1735.786222
251400.0	1736.023823
251500.0	1736.261296
251600.0	1736.498641
251700.0	1736.735858
251800.0	1736.972947
251900.0	1737.209908
252000.0	1737.44674
252100.0	1737.683445
252200.0	1737.920021
252300.0	1738.156469
252400.0	1738.392789
252500.0	1738.62898
252600.0	1738.865044
252700.0	1739.100979
252800.0	1739.336786
252900.0	1739.572464
253000.0	1739.808015
253100.0	1740.043437
253200.0	1740.27873
253300.0	1740.513896
253400.0	1740.748933
253500.0	1740.983842
253600.0	1741.218622
253700.0	1741.453274
253800.0	1741.687798
253900.0	1741.922194
254000.0	1742.156461
254100.0	1742.390599
254200.0	1742.62461
254300.0	1742.858492
254400.0	1743.092245
254500.0	1743.32587
254600.0	1743.559367
254700.0	1743.792735
254800.0	1744.025974
254900.0	1744.259086
255000.0	1744.492068
255100.0	1744.724923
255200.0	1744.957648
255300.0	1745.190245
255400.0	1745.422714
255500.0	1745.655054
255600.0	1745.887266
255700.0	1746.119349
255800.0	1746.351303
255900.0	1746.583129
256000.0	1746.814826
256100.0	1747.046395
256200.0	1747.277835
256300.0	1747.509147
256400.0	1747.740329
256500.0	1747.971384
256600.0	1748.202309
256700.0	1748.433106
256800.0	1748.663774
256900.0	1748.894314
257000.0	1749.124724
257100.0	1749.355006
257200.0	1749.58516
257300.0	1749.815184
257400.0	1750.04508
257500.0	1750.274847
257600.0	1750.504486
257700.0	1750.733995
257800.0	1750.963376
257900.0	1751.192628
258000.0	1751.421751
258100.0	1751.650746
258200.0	1751.879611
258300.0	1752.108348
258400.0	1752.336956
258500.0	1752.565435
258600.0	1752.793785
258700.0	1753.022006
258800.0	1753.250098
258900.0	1753.478062
259000.0	1753.705896
259100.0	1753.933602
259200.0	1754.161179
259300.0	1754.388626
259400.0	1754.615945
259500.0	1754.843135
259600.0	1755.070195
259700.0	1755.297127
259800.0	1755.52393
259900.0	1755.750604
260000.0	1755.977149
260100.0	1756.203564
260200.0	1756.429851
260300.0	1756.656009
260400.0	1756.882037
260500.0	1757.107937
260600.0	1757.333707
260700.0	1757.559348
260800.0	1757.78486
260900.0	1758.010243
261000.0	1758.235497
261100.0	1758.460622
261200.0	1758.685618
261300.0	1758.910484
261400.0	1759.135221
261500.0	1759.359829
261600.0	1759.584308
261700.0	1759.808658
261800.0	1760.032878
261900.0	1760.25697
262000.0	1760.480931
262100.0	1760.704764
262200.0	1760.928468
262300.0	1761.152042
262400.0	1761.375487
262500.0	1761.598802
262600.0	1761.821988
262700.0	1762.045045
262800.0	1762.267973
262900.0	1762.490771
263000.0	1762.71344
263100.0	1762.93598
263200.0	1763.15839
263300.0	1763.380671
263400.0	1763.602822
263500.0	1763.824844
263600.0	1764.046737
263700.0	1764.2685
263800.0	1764.490134
263900.0	1764.711638
264000.0	1764.933013
264100.0	1765.154258
264200.0	1765.375374
264300.0	1765.59636
264400.0	1765.817217
264500.0	1766.037944
264600.0	1766.258542
264700.0	1766.47901
264800.0	1766.699349
264900.0	1766.919558
265000.0	1767.139638
265100.0	1767.359588
265200.0	1767.579408
265300.0	1767.799099
265400.0	1768.01866
265500.0	1768.238092
265600.0	1768.457394
265700.0	1768.676566
265800.0	1768.895608
265900.0	1769.114521
266000.0	1769.333305
266100.0	1769.551958
266200.0	1769.770482
266300.0	1769.988876
266400.0	1770.207141
266500.0	1770.425275
266600.0	1770.64328
266700.0	1770.861155
266800.0	1771.078901
266900.0	1771.296516
267000.0	1771.514002
267100.0	1771.731358
267200.0	1771.948584
267300.0	1772.165681
267400.0	1772.382647
267500.0	1772.599484
267600.0	1772.816191
267700.0	1773.032768
267800.0	1773.249215
267900.0	1773.465532
268000.0	1773.68172
268100.0	1773.897777
268200.0	1774.113704
268300.0	1774.329502
268400.0	1774.54517
268500.0	1774.760707
268600.0	1774.976115
268700.0	1775.191392
268800.0	1775.40654
268900.0	1775.621558
269000.0	1775.836446
269100.0	1776.051203
269200.0	1776.265831
269300.0	1776.480328
269400.0	1776.694696
269500.0	1776.908933
269600.0	1777.123041
269700.0	1777.337018
269800.0	1777.550865
269900.0	1777.764582
270000.0	1777.978169
270100.0	1778.191626
270200.0	1778.404953
270300.0	1778.618149
270400.0	1778.831215
270500.0	1779.044152
270600.0	1779.256957
270700.0	1779.469633
270800.0	1779.682179
270900.0	1779.894594
271000.0	1780.106879
271100.0	1780.319034
271200.0	1780.531059
271300.0	1780.742953
271400.0	1780.954717
271500.0	1781.166351
271600.0	1781.377854
271700.0	1781.589227
271800.0	1781.80047
271900.0	1782.011583
272000.0	1782.222565
272100.0	1782.433417
272200.0	1782.644138
272300.0	1782.854729
272400.0	1783.06519
272500.0	1783.27552
272600.0	1783.48572
272700.0	1783.695789
272800.0	1783.905728
272900.0	1784.115537
273000.0	1784.325215
273100.0	1784.534762
273200.0	1784.744179
273300.0	1784.953466
273400.0	1785.162622
273500.0	1785.371648
273600.0	1785.580543
273700.0	1785.789307
273800.0	1785.997941
273900.0	1786.206445
274000.0	1786.414818
274100.0	1786.62306
274200.0	1786.831172
274300.0	1787.039153
274400.0	1787.247003
274500.0	1787.454723
274600.0	1787.662313
274700.0	1787.869771
274800.0	1788.077099
274900.0	1788.284296
275000.0	1788.491363
275100.0	1788.698299
275200.0	1788.905104
275300.0	1789.111778
275400.0	1789.318322
275500.0	1789.524735
275600.0	1789.731017
275700.0	1789.937169
275800.0	1790.14319
275900.0	1790.34908
276000.0	1790.554839
276100.0	1790.760467
276200.0	1790.965965
276300.0	1791.171331
276400.0	1791.376567
276500.0	1791.581672
276600.0	1791.786647
276700.0	1791.99149
276800.0	1792.196202
276900.0	1792.400784
277000.0	1792.605234
277100.0	1792.809554
277200.0	1793.013743
277300.0	1793.217801
277400.0	1793.421728
277500.0	1793.625524
277600.0	1793.829189
277700.0	1794.032723
277800.0	1794.236126
277900.0	1794.439398
278000.0	1794.642539
278100.0	1794.845548
278200.0	1795.048427
278300.0	1795.251175
278400.0	1795.453792
278500.0	1795.656278
278600.0	1795.858632
278700.0	1796.060856
278800.0	1796.262948
278900.0	1796.46491
279000.0	1796.66674
279100.0	1796.868439
279200.0	1797.070007
279300.0	1797.271443
279400.0	1797.472749
279500.0	1797.673923
279600.0	1797.874966
279700.0	1798.075878
279800.0	1798.276659
279900.0	1798.477309
280000.0	1798.677827
280100.0	1798.878214
280200.0	1799.07847
280300.0	1799.278594
280400.0	1799.478587
280500.0	1799.678449
280600.0	1799.87818
280700.0	1800.077779
280800.0	1800.277247
280900.0	1800.476583
281000.0	1800.675789
281100.0	1800.874863
281200.0	1801.073805
281300.0	1801.272616
281400.0	1801.471296
281500.0	1801.669844
281600.0	1801.868261
281700.0	1802.066546
281800.0	1802.2647
281900.0	1802.462723
282000.0	1802.660614
282100.0	1802.858373
282200.0	1803.056001
282300.0	1803.253498
282400.0	1803.450863
282500.0	1803.648097
282600.0	1803.845199
282700.0	1804.042169
282800.0	1804.239008
282900.0	1804.435715
283000.0	1804.632291
283100.0	1804.828735
283200.0	1805.025048
283300.0	1805.221229
283400.0	1805.417278
283500.0	1805.613196
283600.0	1805.808982
283700.0	1806.004636
283800.0	1806.200159
283900.0	1806.39555
284000.0	1806.590809
284100.0	1806.785936
284200.0	1806.980932
284300.0	1807.175796
284400.0	1807.370529
284500.0	1807.565129
284600.0	1807.759598
284700.0	1807.953935
284800.0	1808.148141
284900.0	1808.342214
285000.0	1808.536156
285100.0	1808.729966
285200.0	1808.923644
285300.0	1809.11719
285400.0	1809.310604
285500.0	1809.503887
285600.0	1809.697038
285700.0	1809.890056
285800.0	1810.082943
285900.0	1810.275698
286000.0	1810.468321
286100.0	1810.660812
286200.0	1810.853171
286300.0	1811.045398
286400.0	1811.237493
286500.0	1811.429457
286600.0	1811.621288
286700.0	1811.812987
286800.0	1812.004554
286900.0	1812.195989
287000.0	1812.387292
287100.0	1812.578464
287200.0	1812.769503
287300.0	1812.960409
287400.0	1813.151184
287500.0	1813.341827
287600.0	1813.532338
287700.0	1813.722716
287800.0	1813.912963
287900.0	1814.103077
288000.0	1814.293059
288100.0	1814.482909
288200.0	1814.672627
288300.0	1814.862212
288400.0	1815.051666
288500.0	1815.240987
288600.0	1815.430176
288700.0	1815.619233
288800.0	1815.808157
288900.0	1815.996949
289000.0	1816.185609
289100.0	1816.374137
289200.0	1816.562532
289300.0	1816.750795
289400.0	1816.938926
289500.0	1817.126925
289600.0	1817.314791
289700.0	1817.502525
289800.0	1817.690126
289900.0	1817.877595
290000.0	1818.064932
290100.0	1818.252136
290200.0	1818.439208
290300.0	1818.626147
290400.0	1818.812954
290500.0	1818.999629
290600.0	1819.186171
290700.0	1819.372581
290800.0	1819.558858
290900.0	1819.745002
291000.0	1819.931015
291100.0	1820.116894
291200.0	1820.302641
291300.0	1820.488256
291400.0	1820.673738
291500.0	1820.859088
291600.0	1821.044305
291700.0	1821.229389
291800.0	1821.414341
291900.0	1821.59916
292000.0	1821.783847
292100.0	1821.968401
292200.0	1822.152822
292300.0	1822.337111
292400.0	1822.521267
292500.0	1822.70529
292600.0	1822.889181
292700.0	1823.072939
292800.0	1823.256564
292900.0	1823.440057
293000.0	1823.623416
293100.0	1823.806644
293200.0	1823.989738
293300.0	1824.172699
293400.0	1824.355528
293500.0	1824.538224
293600.0	1824.720788
293700.0	1824.903218
293800.0	1825.085516
293900.0	1825.26768
294000.0	1825.449712
294100.0	1825.631611
294200.0	1825.813377
294300.0	1825.995011
294400.0	1826.176511
294500.0	1826.357879
294600.0	1826.539113
294700.0	1826.720215
294800.0	1826.901184
294900.0	1827.08202
295000.0	1827.262722
295100.0	1827.443292
295200.0	1827.623729
295300.0	1827.804033
295400.0	1827.984204
295500.0	1828.164242
295600.0	1828.344147
295700.0	1828.523918
295800.0	1828.703557
295900.0	1828.883063
296000.0	1829.062436
296100.0	1829.241675
296200.0	1829.420781
296300.0	1829.599755
296400.0	1829.778595
296500.0	1829.957302
296600.0	1830.135876
296700.0	1830.314317
296800.0	1830.492624
296900.0	1830.670799
297000.0	1830.84884
297100.0	1831.026748
297200.0	1831.204523
297300.0	1831.382164
297400.0	1831.559672
297500.0	1831.737048
297600.0	1831.914289
297700.0	1832.091398
297800.0	1832.268373
297900.0	1832.445215
298000.0	1832.621924
298100.0	1832.798499
298200.0	1832.974941
298300.0	1833.15125
298400.0	1833.327425
298500.0	1833.503467
298600.0	1833.679375
298700.0	1833.855151
298800.0	1834.030792
298900.0	1834.206301
299000.0	1834.381675
299100.0	1834.556917
299200.0	1834.732025
299300.0	1834.907
299400.0	1835.081841
299500.0	1835.256548
299600.0	1835.431122
299700.0	1835.605563
299800.0	1835.77987
299900.0	1835.954044
300000.0	1836.128084
300100.0	1836.30199
300200.0	1836.475763
300300.0	1836.649402
300400.0	1836.822908
300500.0	1836.99628
300600.0	1837.169518
300700.0	1837.342623
300800.0	1837.515595
300900.0	1837.688432
301000.0	1837.861136
301100.0	1838.033706
301200.0	1838.206143
301300.0	1838.378446
301400.0	1838.550615
301500.0	1838.72265
301600.0	1838.894552
301700.0	1839.06632
301800.0	1839.237954
301900.0	1839.409455
302000.0	1839.580821
302100.0	1839.752054
302200.0	1839.923153
302300.0	1840.094119
302400.0	1840.26495
302500.0	1840.435648
302600.0	1840.606211
302700.0	1840.776641
302800.0	1840.946937
302900.0	1841.1171
303000.0	1841.287128
303100.0	1841.457022
303200.0	1841.626783
303300.0	1841.796409
303400.0	1841.965902
303500.0	1842.13526
303600.0	1842.304485
303700.0	1842.473575
303800.0	1842.642532
303900.0	1842.811355
304000.0	1842.980043
304100.0	1843.148598
304200.0	1843.317019
304300.0	1843.485305
304400.0	1843.653458
304500.0	1843.821476
304600.0	1843.98936
304700.0	1844.15711
304800.0	1844.324727
304900.0	1844.492209
305000.0	1844.659556
305100.0	1844.82677
305200.0	1844.99385
305300.0	1845.160795
305400.0	1845.327606
305500.0	1845.494283
305600.0	1845.660826
305700.0	1845.827235
305800.0	1845.993509
305900.0	1846.159649
306000.0	1846.325655
306100.0	1846.491527
306200.0	1846.657264
306300.0	1846.822867
306400.0	1846.988336
306500.0	1847.15367
306600.0	1847.318871
306700.0	1847.483936
306800.0	1847.648868
306900.0	1847.813665
307000.0	1847.978328
307100.0	1848.142856
307200.0	1848.30725
307300.0	1848.471509
307400.0	1848.635635
307500.0	1848.799625
307600.0	1848.963482
307700.0	1849.127203
307800.0	1849.290791
307900.0	1849.454244
308000.0	1849.617562
308100.0	1849.780746
308200.0	1849.943795
308300.0	1850.10671
308400.0	1850.26949
308500.0	1850.432136
308600.0	1850.594647
308700.0	1850.757024
308800.0	1850.919266
308900.0	1851.081374
309000.0	1851.243346
309100.0	1851.405185
309200.0	1851.566888
309300.0	1851.728457
309400.0	1851.889892
309500.0	1852.051191
309600.0	1852.212356
309700.0	1852.373386
309800.0	1852.534282
309900.0	1852.695043
310000.0	1852.855669
310100.0	1853.01616
310200.0	1853.176517
310300.0	1853.336739
310400.0	1853.496826
310500.0	1853.656778
310600.0	1853.816596
310700.0	1853.976279
310800.0	1854.135826
310900.0	1854.29524
311000.0	1854.454518
311100.0	1854.613661
311200.0	1854.77267
311300.0	1854.931543
311400.0	1855.090282
311500.0	1855.248886
311600.0	1855.407355
311700.0	1855.565689
311800.0	1855.723888
311900.0	1855.881952
312000.0	1856.039881
312100.0	1856.197675
312200.0	1856.355334
312300.0	1856.512858
312400.0	1856.670247
312500.0	1856.827501
312600.0	1856.98462
312700.0	1857.141604
312800.0	1857.298453
312900.0	1857.455167
313000.0	1857.611746
313100.0	1857.76819
313200.0	1857.924498
313300.0	1858.080672
313400.0	1858.23671
313500.0	1858.392613
313600.0	1858.548381
313700.0	1858.704014
313800.0	1858.859512
313900.0	1859.014874
314000.0	1859.170101
314100.0	1859.325194
314200.0	1859.48015
314300.0	1859.634972
314400.0	1859.789658
314500.0	1859.944209
314600.0	1860.098625
314700.0	1860.252906
314800.0	1860.407051
314900.0	1860.561061
315000.0	1860.714935
315100.0	1860.868674
315200.0	1861.022278
315300.0	1861.175747
315400.0	1861.32908
315500.0	1861.482278
315600.0	1861.63534
315700.0	1861.788267
315800.0	1861.941058
315900.0	1862.093715
316000.0	1862.246235
316100.0	1862.39862
316200.0	1862.55087
316300.0	1862.702984
316400.0	1862.854963
316500.0	1863.006806
316600.0	1863.158514
316700.0	1863.310086
316800.0	1863.461523
316900.0	1863.612824
317000.0	1863.763989
317100.0	1863.915019
317200.0	1864.065913
317300.0	1864.216672
317400.0	1864.367295
317500.0	1864.517783
317600.0	1864.668135
317700.0	1864.818351
317800.0	1864.968431
317900.0	1865.118376
318000.0	1865.268185
318100.0	1865.417859
318200.0	1865.567397
318300.0	1865.716799
318400.0	1865.866065
318500.0	1866.015195
318600.0	1866.16419
318700.0	1866.313049
318800.0	1866.461772
318900.0	1866.61036
319000.0	1866.758811
319100.0	1866.907127
319200.0	1867.055307
319300.0	1867.203351
319400.0	1867.351259
319500.0	1867.499032
319600.0	1867.646668
319700.0	1867.794169
319800.0	1867.941534
319900.0	1868.088762
320000.0	1868.235855
320100.0	1868.382812
320200.0	1868.529633
320300.0	1868.676318
320400.0	1868.822867
320500.0	1868.96928
320600.0	1869.115557
320700.0	1869.261698
320800.0	1869.407703
320900.0	1869.553572
321000.0	1869.699305
321100.0	1869.844901
321200.0	1869.990362
321300.0	1870.135687
321400.0	1870.280875
321500.0	1870.425928
321600.0	1870.570844
321700.0	1870.715624
321800.0	1870.860268
321900.0	1871.004776
322000.0	1871.149147
322100.0	1871.293383
322200.0	1871.437482
322300.0	1871.581445
322400.0	1871.725272
322500.0	1871.868963
322600.0	1872.012517
322700.0	1872.155935
322800.0	1872.299217
322900.0	1872.442362
323000.0	1872.585372
323100.0	1872.728244
323200.0	1872.870981
323300.0	1873.013581
323400.0	1873.156045
323500.0	1873.298373
323600.0	1873.440564
323700.0	1873.582619
323800.0	1873.724537
323900.0	1873.866319
324000.0	1874.007965
324100.0	1874.149474
324200.0	1874.290847
324300.0	1874.432083
324400.0	1874.573183
324500.0	1874.714146
324600.0	1874.854973
324700.0	1874.995663
324800.0	1875.136217
324900.0	1875.276634
325000.0	1875.416915
325100.0	1875.557059
325200.0	1875.697066
325300.0	1875.836937
325400.0	1875.976672
325500.0	1876.116269
325600.0	1876.255731
325700.0	1876.395055
325800.0	1876.534243
325900.0	1876.673294
326000.0	1876.812209
326100.0	1876.950987
326200.0	1877.089628
326300.0	1877.228133
326400.0	1877.3665
326500.0	1877.504731
326600.0	1877.642826
326700.0	1877.780783
326800.0	1877.918604
326900.0	1878.056288
327000.0	1878.193835
327100.0	1878.331246
327200.0	1878.46852
327300.0	1878.605656
327400.0	1878.742656
327500.0	1878.879519
327600.0	1879.016246
327700.0	1879.152835
327800.0	1879.289288
327900.0	1879.425603
328000.0	1879.561782
328100.0	1879.697824
328200.0	1879.833728
328300.0	1879.969496
328400.0	1880.105127
328500.0	1880.240621
328600.0	1880.375978
328700.0	1880.511198
328800.0	1880.646281
328900.0	1880.781227
329000.0	1880.916036
329100.0	1881.050708
329200.0	1881.185242
329300.0	1881.31964
329400.0	1881.453901
329500.0	1881.588024
329600.0	1881.722011
329700.0	1881.85586
329800.0	1881.989572
329900.0	1882.123147
330000.0	1882.256585
330100.0	1882.389886
330200.0	1882.523049
330300.0	1882.656075
330400.0	1882.788964
330500.0	1882.921716
330600.0	1883.054331
330700.0	1883.186808
330800.0	1883.319148
330900.0	1883.451351
331000.0	1883.583417
331100.0	1883.715345
331200.0	1883.847136
331300.0	1883.97879
331400.0	1884.110306
331500.0	1884.241685
331600.0	1884.372926
331700.0	1884.504031
331800.0	1884.634997
331900.0	1884.765827
332000.0	1884.896519
332100.0	1885.027074
332200.0	1885.157491
332300.0	1885.28777
332400.0	1885.417913
332500.0	1885.547918
332600.0	1885.677785
332700.0	1885.807515
332800.0	1885.937107
332900.0	1886.066562
333000.0	1886.195879
333100.0	1886.325059
333200.0	1886.454101
333300.0	1886.583006
333400.0	1886.711773
333500.0	1886.840402
333600.0	1886.968894
333700.0	1887.097248
333800.0	1887.225464
333900.0	1887.353543
334000.0	1887.481485
334100.0	1887.609288
334200.0	1887.736954
334300.0	1887.864482
334400.0	1887.991873
334500.0	1888.119126
334600.0	1888.246241
334700.0	1888.373218
334800.0	1888.500057
334900.0	1888.626759
335000.0	1888.753323
335100.0	1888.879749
335200.0	1889.006038
335300.0	1889.132188
335400.0	1889.258201
335500.0	1889.384076
335600.0	1889.509813
335700.0	1889.635412
335800.0	1889.760873
335900.0	1889.886197
336000.0	1890.011382
336100.0	1890.13643
336200.0	1890.261339
336300.0	1890.386111
336400.0	1890.510745
336500.0	1890.63524
336600.0	1890.759598
336700.0	1890.883818
336800.0	1891.0079
336900.0	1891.131843
337000.0	1891.255649
337100.0	1891.379317
337200.0	1891.502846
337300.0	1891.626238
337400.0	1891.749491
337500.0	1891.872606
337600.0	1891.995584
337700.0	1892.118423
337800.0	1892.241124
337900.0	1892.363687
338000.0	1892.486111
338100.0	1892.608398
338200.0	1892.730546
338300.0	1892.852556
338400.0	1892.974428
338500.0	1893.096162
338600.0	1893.217757
338700.0	1893.339214
338800.0	1893.460533
338900.0	1893.581714
339000.0	1893.702756
339100.0	1893.82366
339200.0	1893.944426
339300.0	1894.065053
339400.0	1894.185543
339500.0	1894.305893
339600.0	1894.426106
339700.0	1894.54618
339800.0	1894.666115
339900.0	1894.785913
340000.0	1894.905571
340100.0	1895.025092
340200.0	1895.144474
340300.0	1895.263717
340400.0	1895.382822
340500.0	1895.501789
340600.0	1895.620617
340700.0	1895.739307
340800.0	1895.857858
340900.0	1895.97627
341000.0	1896.094544
341100.0	1896.21268
341200.0	1896.330676
341300.0	1896.448535
341400.0	1896.566255
341500.0	1896.683836
341600.0	1896.801278
341700.0	1896.918582
341800.0	1897.035747
341900.0	1897.152774
342000.0	1897.269662
342100.0	1897.386411
342200.0	1897.503022
342300.0	1897.619493
342400.0	1897.735827
342500.0	1897.852021
342600.0	1897.968077
342700.0	1898.083994
342800.0	1898.199772
342900.0	1898.315411
343000.0	1898.430912
343100.0	1898.546273
343200.0	1898.661496
343300.0	1898.77658
343400.0	1898.891526
343500.0	1899.006332
343600.0	1899.121
343700.0	1899.235528
343800.0	1899.349918
343900.0	1899.464169
344000.0	1899.578281
344100.0	1899.692254
344200.0	1899.806088
344300.0	1899.919783
344400.0	1900.033339
344500.0	1900.146757
344600.0	1900.260035
344700.0	1900.373174
344800.0	1900.486174
344900.0	1900.599035
345000.0	1900.711757
345100.0	1900.82434
345200.0	1900.936784
345300.0	1901.049089
345400.0	1901.161255
345500.0	1901.273281
345600.0	1901.385169
345700.0	1901.496917
345800.0	1901.608526
345900.0	1901.719996
346000.0	1901.831327
346100.0	1901.942519
346200.0	1902.053572
346300.0	1902.164485
346400.0	1902.275259
346500.0	1902.385894
346600.0	1902.496389
346700.0	1902.606746
346800.0	1902.716963
346900.0	1902.82704
347000.0	1902.936979
347100.0	1903.046778
347200.0	1903.156438
347300.0	1903.265958
347400.0	1903.375339
347500.0	1903.484581
347600.0	1903.593683
347700.0	1903.702646
347800.0	1903.81147
347900.0	1903.920154
348000.0	1904.028699
348100.0	1904.137104
348200.0	1904.24537
348300.0	1904.353496
348400.0	1904.461483
348500.0	1904.56933
348600.0	1904.677038
348700.0	1904.784607
348800.0	1904.892035
348900.0	1904.999325
349000.0	1905.106474
349100.0	1905.213484
349200.0	1905.320355
349300.0	1905.427086
349400.0	1905.533677
349500.0	1905.640129
349600.0	1905.746441
349700.0	1905.852613
349800.0	1905.958646
349900.0	1906.064539
350000.0	1906.170293
350100.0	1906.275906
350200.0	1906.38138
350300.0	1906.486715
350400.0	1906.591909
350500.0	1906.696964
350600.0	1906.801879
350700.0	1906.906654
350800.0	1907.01129
350900.0	1907.115785
351000.0	1907.220141
351100.0	1907.324357
351200.0	1907.428433
351300.0	1907.532369
351400.0	1907.636166
351500.0	1907.739822
351600.0	1907.843339
351700.0	1907.946716
351800.0	1908.049953
351900.0	1908.153049
352000.0	1908.256006
352100.0	1908.358823
352200.0	1908.4615
352300.0	1908.564037
352400.0	1908.666434
352500.0	1908.768691
352600.0	1908.870808
352700.0	1908.972785
352800.0	1909.074622
352900.0	1909.176319
353000.0	1909.277876
353100.0	1909.379292
353200.0	1909.480569
353300.0	1909.581705
353400.0	1909.682702
353500.0	1909.783558
353600.0	1909.884274
353700.0	1909.98485
353800.0	1910.085286
353900.0	1910.185581
354000.0	1910.285736
354100.0	1910.385751
354200.0	1910.485626
354300.0	1910.585361
354400.0	1910.684955
354500.0	1910.784409
354600.0	1910.883723
354700.0	1910.982897
354800.0	1911.08193
354900.0	1911.180823
355000.0	1911.279575
355100.0	1911.378187
355200.0	1911.476659
355300.0	1911.574991
355400.0	1911.673182
355500.0	1911.771232
355600.0	1911.869142
355700.0	1911.966912
355800.0	1912.064542
355900.0	1912.162031
356000.0	1912.259379
356100.0	1912.356587
356200.0	1912.453655
356300.0	1912.550582
356400.0	1912.647368
356500.0	1912.744014
356600.0	1912.840519
356700.0	1912.936884
356800.0	1913.033108
356900.0	1913.129192
357000.0	1913.225135
357100.0	1913.320938
357200.0	1913.4166
357300.0	1913.512121
357400.0	1913.607501
357500.0	1913.702741
357600.0	1913.797841
357700.0	1913.892799
357800.0	1913.987617
357900.0	1914.082294
358000.0	1914.17683
358100.0	1914.271226
358200.0	1914.365481
358300.0	1914.459595
358400.0	1914.553569
358500.0	1914.647401
358600.0	1914.741093
358700.0	1914.834644
358800.0	1914.928054
358900.0	1915.021323
359000.0	1915.114452
359100.0	1915.207439
359200.0	1915.300286
359300.0	1915.392992
359400.0	1915.485557
359500.0	1915.577981
359600.0	1915.670264
359700.0	1915.762406
359800.0	1915.854407
359900.0	1915.946267
360000.0	1916.037986
360100.0	1916.129564
360200.0	1916.221001
360300.0	1916.312297
360400.0	1916.403452
360500.0	1916.494466
360600.0	1916.585339
360700.0	1916.676071
360800.0	1916.766662
360900.0	1916.857112
361000.0	1916.94742
361100.0	1917.037588
361200.0	1917.127614
361300.0	1917.217499
361400.0	1917.307243
361500.0	1917.396846
361600.0	1917.486307
361700.0	1917.575627
361800.0	1917.664806
361900.0	1917.753844
362000.0	1917.842741
362100.0	1917.931496
362200.0	1918.02011
362300.0	1918.108583
362400.0	1918.196915
362500.0	1918.285105
362600.0	1918.373154
362700.0	1918.461061
362800.0	1918.548827
362900.0	1918.636452
363000.0	1918.723935
363100.0	1918.811277
363200.0	1918.898478
363300.0	1918.985537
363400.0	1919.072455
363500.0	1919.159231
363600.0	1919.245866
363700.0	1919.332359
363800.0	1919.418711
363900.0	1919.504921
364000.0	1919.59099
364100.0	1919.676917
364200.0	1919.762703
364300.0	1919.848347
364400.0	1919.93385
364500.0	1920.019211
364600.0	1920.10443
364700.0	1920.189508
364800.0	1920.274444
364900.0	1920.359239
365000.0	1920.443892
365100.0	1920.528403
365200.0	1920.612772
365300.0	1920.697
365400.0	1920.781086
365500.0	1920.865031
365600.0	1920.948834
365700.0	1921.032495
365800.0	1921.116014
365900.0	1921.199391
366000.0	1921.282627
366100.0	1921.365721
366200.0	1921.448673
366300.0	1921.531483
366400.0	1921.614152
366500.0	1921.696678
366600.0	1921.779063
366700.0	1921.861306
366800.0	1921.943407
366900.0	1922.025366
367000.0	1922.107183
367100.0	1922.188859
367200.0	1922.270392
367300.0	1922.351783
367400.0	1922.433033
367500.0	1922.51414
367600.0	1922.595105
367700.0	1922.675929
367800.0	1922.75661
367900.0	1922.837149
368000.0	1922.917547
368100.0	1922.997802
368200.0	1923.077915
368300.0	1923.157886
368400.0	1923.237715
368500.0	1923.317402
368600.0	1923.396947
368700.0	1923.476349
368800.0	1923.55561
368900.0	1923.634728
369000.0	1923.713704
369100.0	1923.792538
369200.0	1923.87123
369300.0	1923.949779
369400.0	1924.028186
369500.0	1924.106451
369600.0	1924.184574
369700.0	1924.262554
369800.0	1924.340393
369900.0	1924.418088
370000.0	1924.495642
370100.0	1924.573053
370200.0	1924.650322
370300.0	1924.727449
370400.0	1924.804433
370500.0	1924.881275
370600.0	1924.957974
370700.0	1925.034531
370800.0	1925.110945
370900.0	1925.187218
371000.0	1925.263347
371100.0	1925.339334
371200.0	1925.415179
371300.0	1925.490881
371400.0	1925.566441
371500.0	1925.641858
371600.0	1925.717133
371700.0	1925.792265
371800.0	1925.867255
371900.0	1925.942102
372000.0	1926.016806
372100.0	1926.091368
372200.0	1926.165787
372300.0	1926.240064
372400.0	1926.314198
372500.0	1926.388189
372600.0	1926.462038
372700.0	1926.535744
372800.0	1926.609307
372900.0	1926.682728
373000.0	1926.756006
373100.0	1926.829141
373200.0	1926.902133
373300.0	1926.974983
373400.0	1927.04769
373500.0	1927.120254
373600.0	1927.192675
373700.0	1927.264953
373800.0	1927.337089
373900.0	1927.409082
374000.0	1927.480932
374100.0	1927.552639
374200.0	1927.624203
374300.0	1927.695625
374400.0	1927.766903
374500.0	1927.838038
374600.0	1927.909031
374700.0	1927.979881
374800.0	1928.050587
374900.0	1928.121151
375000.0	1928.191572
375100.0	1928.261849
375200.0	1928.331984
375300.0	1928.401976
375400.0	1928.471824
375500.0	1928.54153
375600.0	1928.611092
375700.0	1928.680512
375800.0	1928.749788
375900.0	1928.818921
376000.0	1928.887911
376100.0	1928.956758
376200.0	1929.025462
376300.0	1929.094023
376400.0	1929.16244
376500.0	1929.230714
376600.0	1929.298846
376700.0	1929.366833
376800.0	1929.434678
376900.0	1929.502379
377000.0	1929.569937
377100.0	1929.637352
377200.0	1929.704624
377300.0	1929.771752
377400.0	1929.838737
377500.0	1929.905579
377600.0	1929.972277
377700.0	1930.038832
377800.0	1930.105244
377900.0	1930.171512
378000.0	1930.237636
378100.0	1930.303618
378200.0	1930.369456
378300.0	1930.43515
378400.0	1930.500701
378500.0	1930.566109
378600.0	1930.631373
378700.0	1930.696494
378800.0	1930.761471
378900.0	1930.826305
379000.0	1930.890995
379100.0	1930.955541
379200.0	1931.019944
379300.0	1931.084204
379400.0	1931.14832
379500.0	1931.212292
379600.0	1931.27612
379700.0	1931.339805
379800.0	1931.403347
379900.0	1931.466745
380000.0	1931.529999
380100.0	1931.593109
380200.0	1931.656076
380300.0	1931.718899
380400.0	1931.781578
380500.0	1931.844113
380600.0	1931.906505
380700.0	1931.968753
380800.0	1932.030857
380900.0	1932.092818
381000.0	1932.154635
381100.0	1932.216307
381200.0	1932.277836
381300.0	1932.339222
381400.0	1932.400463
381500.0	1932.46156
381600.0	1932.522514
381700.0	1932.583323
381800.0	1932.643989
381900.0	1932.704511
382000.0	1932.764889
382100.0	1932.825123
382200.0	1932.885213
382300.0	1932.945159
382400.0	1933.004961
382500.0	1933.064619
382600.0	1933.124133
382700.0	1933.183502
382800.0	1933.242728
382900.0	1933.30181
383000.0	1933.360748
383100.0	1933.419541
383200.0	1933.478191
383300.0	1933.536696
383400.0	1933.595058
383500.0	1933.653275
383600.0	1933.711348
383700.0	1933.769276
383800.0	1933.827061
383900.0	1933.884701
384000.0	1933.942198
384100.0	1933.99955
384200.0	1934.056757
384300.0	1934.113821
384400.0	1934.17074
384500.0	1934.227515
384600.0	1934.284146
384700.0	1934.340632
384800.0	1934.396974
384900.0	1934.453171
385000.0	1934.509225
385100.0	1934.565134
385200.0	1934.620898
385300.0	1934.676518
385400.0	1934.731994
385500.0	1934.787325
385600.0	1934.842512
385700.0	1934.897555
385800.0	1934.952453
385900.0	1935.007206
386000.0	1935.061815
386100.0	1935.11628
386200.0	1935.1706
386300.0	1935.224775
386400.0	1935.278806
386500.0	1935.332692
386600.0	1935.386434
386700.0	1935.440031
386800.0	1935.493484
386900.0	1935.546792
387000.0	1935.599955
387100.0	1935.652974
387200.0	1935.705848
387300.0	1935.758578
387400.0	1935.811162
387500.0	1935.863602
387600.0	1935.915897
387700.0	1935.968048
387800.0	1936.020054
387900.0	1936.071915
388000.0	1936.123631
388100.0	1936.175203
388200.0	1936.22663
388300.0	1936.277911
388400.0	1936.329049
388500.0	1936.380041
388600.0	1936.430888
388700.0	1936.481591
388800.0	1936.532148
388900.0	1936.582561
389000.0	1936.632829
389100.0	1936.682952
389200.0	1936.73293
389300.0	1936.782763
389400.0	1936.832451
389500.0	1936.881994
389600.0	1936.931393
389700.0	1936.980646
389800.0	1937.029754
389900.0	1937.078717
390000.0	1937.127535
390100.0	1937.176208
390200.0	1937.224736
390300.0	1937.273119
390400.0	1937.321357
390500.0	1937.369449
390600.0	1937.417397
390700.0	1937.465199
390800.0	1937.512856
390900.0	1937.560368
391000.0	1937.607735
391100.0	1937.654957
391200.0	1937.702033
391300.0	1937.748965
391400.0	1937.795751
391500.0	1937.842391
391600.0	1937.888887
391700.0	1937.935237
391800.0	1937.981442
391900.0	1938.027501
392000.0	1938.073416
392100.0	1938.119184
392200.0	1938.164808
392300.0	1938.210286
392400.0	1938.255619
392500.0	1938.300806
392600.0	1938.345848
392700.0	1938.390745
392800.0	1938.435496
392900.0	1938.480102
393000.0	1938.524562
393100.0	1938.568877
393200.0	1938.613046
393300.0	1938.65707
393400.0	1938.700948
393500.0	1938.744681
393600.0	1938.788268
393700.0	1938.83171
393800.0	1938.875006
393900.0	1938.918156
394000.0	1938.961161
394100.0	1939.00402
394200.0	1939.046734
394300.0	1939.089302
394400.0	1939.131724
394500.0	1939.174001
394600.0	1939.216132
394700.0	1939.258117
394800.0	1939.299956
394900.0	1939.34165
395000.0	1939.383198
395100.0	1939.424601
395200.0	1939.465857
395300.0	1939.506968
395400.0	1939.547933
395500.0	1939.588752
395600.0	1939.629425
395700.0	1939.669953
395800.0	1939.710334
395900.0	1939.75057
396000.0	1939.79066
396100.0	1939.830604
396200.0	1939.870402
396300.0	1939.910054
396400.0	1939.94956
396500.0	1939.98892
396600.0	1940.028134
396700.0	1940.067202
396800.0	1940.106125
396900.0	1940.144901
397000.0	1940.183531
397100.0	1940.222015
397200.0	1940.260353
397300.0	1940.298546
397400.0	1940.336591
397500.0	1940.374491
397600.0	1940.412245
397700.0	1940.449853
397800.0	1940.487314
397900.0	1940.52463
398000.0	1940.561799
398100.0	1940.598822
398200.0	1940.635699
398300.0	1940.672429
398400.0	1940.709014
398500.0	1940.745452
398600.0	1940.781744
398700.0	1940.817889
398800.0	1940.853889
398900.0	1940.889742
399000.0	1940.925448
399100.0	1940.961009
399200.0	1940.996423
399300.0	1941.031691
399400.0	1941.066812
399500.0	1941.101787
399600.0	1941.136615
399700.0	1941.171298
399800.0	1941.205833
399900.0	1941.240223
400000.0	1941.274466
400100.0	1941.308562
400200.0	1941.342512
400300.0	1941.376315
400400.0	1941.409972
400500.0	1941.443483
400600.0	1941.476847
400700.0	1941.510064
400800.0	1941.543135
400900.0	1941.576059
401000.0	1941.608836
401100.0	1941.641467
401200.0	1941.673952
401300.0	1941.70629
401400.0	1941.738481
401500.0	1941.770525
401600.0	1941.802423
401700.0	1941.834174
401800.0	1941.865778
401900.0	1941.897236
402000.0	1941.928547
402100.0	1941.959711
402200.0	1941.990728
402300.0	1942.021599
402400.0	1942.052323
402500.0	1942.0829
402600.0	1942.11333
402700.0	1942.143613
402800.0	1942.17375
402900.0	1942.203739
403000.0	1942.233582
403100.0	1942.263278
403200.0	1942.292827
403300.0	1942.322229
403400.0	1942.351484
403500.0	1942.380592
403600.0	1942.409554
403700.0	1942.438368
403800.0	1942.467035
403900.0	1942.495555
404000.0	1942.523928
404100.0	1942.552155
404200.0	1942.580234
404300.0	1942.608166
404400.0	1942.635951
404500.0	1942.663589
404600.0	1942.69108
404700.0	1942.718423
404800.0	1942.74562
404900.0	1942.772669
405000.0	1942.799571
405100.0	1942.826326
405200.0	1942.852934
405300.0	1942.879395
405400.0	1942.905708
405500.0	1942.931875
405600.0	1942.957894
405700.0	1942.983765
405800.0	1943.00949
405900.0	1943.035067
406000.0	1943.060497
406100.0	1943.085779
406200.0	1943.110914
406300.0	1943.135902
406400.0	1943.160742
406500.0	1943.185435
406600.0	1943.209981
406700.0	1943.234379
406800.0	1943.25863
406900.0	1943.282734
407000.0	1943.30669
407100.0	1943.330498
407200.0	1943.354159
407300.0	1943.377673
407400.0	1943.401039
407500.0	1943.424257
407600.0	1943.447328
407700.0	1943.470252
407800.0	1943.493027
407900.0	1943.515656
408000.0	1943.538136
408100.0	1943.560469
408200.0	1943.582655
408300.0	1943.604693
408400.0	1943.626583
408500.0	1943.648325
408600.0	1943.66992
408700.0	1943.691367
408800.0	1943.712666
408900.0	1943.733818
409000.0	1943.754822
409100.0	1943.775678
409200.0	1943.796387
409300.0	1943.816947
409400.0	1943.83736
409500.0	1943.857625
409600.0	1943.877742
409700.0	1943.897712
409800.0	1943.917533
409900.0	1943.937207
410000.0	1943.956733
410100.0	1943.97611
410200.0	1943.99534
410300.0	1944.014422
410400.0	1944.033356
410500.0	1944.052142
410600.0	1944.070781
410700.0	1944.089271
410800.0	1944.107613
410900.0	1944.125807
411000.0	1944.143853
411100.0	1944.161751
411200.0	1944.179501
411300.0	1944.197103
411400.0	1944.214557
411500.0	1944.231863
411600.0	1944.249021
411700.0	1944.26603
411800.0	1944.282891
411900.0	1944.299605
412000.0	1944.31617
412100.0	1944.332587
412200.0	1944.348855
412300.0	1944.364976
412400.0	1944.380948
412500.0	1944.396772
412600.0	1944.412447
412700.0	1944.427975
412800.0	1944.443354
412900.0	1944.458585
413000.0	1944.473667
413100.0	1944.488602
413200.0	1944.503387
413300.0	1944.518025
413400.0	1944.532514
413500.0	1944.546855
413600.0	1944.561047
413700.0	1944.575091
413800.0	1944.588986
413900.0	1944.602733
414000.0	1944.616332
414100.0	1944.629782
414200.0	1944.643083
414300.0	1944.656236
414400.0	1944.669241
414500.0	1944.682097
414600.0	1944.694804
414700.0	1944.707363
414800.0	1944.719773
414900.0	1944.732035
415000.0	1944.744148
415100.0	1944.756113
415200.0	1944.767929
415300.0	1944.779596
415400.0	1944.791114
415500.0	1944.802484
415600.0	1944.813705
415700.0	1944.824777
415800.0	1944.835701
415900.0	1944.846476
416000.0	1944.857102
416100.0	1944.86758
416200.0	1944.877908
416300.0	1944.888088
416400.0	1944.898119
416500.0	1944.908001
416600.0	1944.917735
416700.0	1944.927319
416800.0	1944.936755
416900.0	1944.946041
417000.0	1944.955179
417100.0	1944.964168
417200.0	1944.973008
417300.0	1944.981699
417400.0	1944.990241
417500.0	1944.998634
417600.0	1945.006878
417700.0	1945.014973
417800.0	1945.022919
417900.0	1945.030716
418000.0	1945.038364
418100.0	1945.045863
418200.0	1945.053213
418300.0	1945.060414
418400.0	1945.067465
418500.0	1945.074368
418600.0	1945.081121
418700.0	1945.087725
418800.0	1945.09418
418900.0	1945.100486
419000.0	1945.106643
419100.0	1945.11265
419200.0	1945.118508
419300.0	1945.124217
419400.0	1945.129777
419500.0	1945.135187
419600.0	1945.140449
419700.0	1945.14556
419800.0	1945.150523
419900.0	1945.155336
420000.0	1945.16